1  304.188	8.863878e-01	9.291896e-01	6.802359e-01	1.434316e-01	
10  303.013	9.066412e-01	9.588232e-01	6.872388e-01	1.457906e-01	
5  301.647	8.035146e-01	8.804057e-01	6.757082e-01	1.364151e-01	
2  301.419	8.625482e-01	8.924045e-01	6.789877e-01	1.392634e-01	
2  296.661	9.336932e-01	9.332450e-01	6.840522e-01	1.300276e-01	
3  296.265	9.242935e-01	8.987864e-01	6.817113e-01	1.245804e-01	
1  296.45	9.601401e-01	9.061336e-01	6.815755e-01	1.248395e-01	
2  296.187	8.887726e-01	9.701190e-01	6.885344e-01	1.321861e-01	
9  292.481	5.087350e-01	8.924031e-01	6.981252e-01	1.374824e-01	
8  294.22	5.226120e-01	8.502471e-01	6.933811e-01	1.426491e-01	
7  293.668	6.469869e-01	8.671513e-01	6.946780e-01	1.383759e-01	
7  293.679	7.289635e-01	9.419756e-01	6.924910e-01	1.258703e-01	
11  292.788	6.376684e-01	8.753381e-01	7.011892e-01	1.387110e-01	
4  293.208	6.636569e-01	9.488665e-01	6.973575e-01	1.342321e-01	
6  292.786	6.596820e-01	8.656815e-01	7.095511e-01	1.476196e-01	
41  292.62	5.013095e-01	8.559707e-01	7.010232e-01	1.363250e-01	
33  292.78	5.932328e-01	8.609442e-01	7.006030e-01	1.376994e-01	
3  293.001	6.911410e-01	8.279754e-01	7.122432e-01	1.455547e-01	
34  293.617	6.009360e-01	8.133498e-01	7.033544e-01	1.517019e-01	
1  294.506	8.142165e-01	8.494332e-01	6.919594e-01	1.333341e-01	
5  294.836	6.034855e-01	9.966186e-01	6.925229e-01	1.355139e-01	
1  293.611	5.518151e-01	9.933269e-01	6.904377e-01	1.188375e-01	
1  293.912	7.792542e-01	9.715857e-01	6.955596e-01	1.253097e-01	
8  294.814	9.525291e-01	8.427966e-01	7.183119e-01	1.472633e-01	
1  294.753	5.962165e-01	8.954486e-01	7.266626e-01	1.532102e-01	
3  293.905	6.893711e-01	8.933676e-01	6.968050e-01	1.271665e-01	
3  295.744	7.235557e-01	9.141540e-01	6.950210e-01	1.191414e-01	
6  293.842	8.526361e-01	9.226677e-01	7.015482e-01	1.327597e-01	
1  294.497	7.635143e-01	8.770452e-01	7.129213e-01	1.366598e-01	
7  295.221	9.609348e-01	8.407333e-01	7.124925e-01	1.368976e-01	
15  293.206	6.005080e-01	8.664030e-01	7.175378e-01	1.561409e-01	
11  292.864	6.284836e-01	8.771370e-01	7.143630e-01	1.484890e-01	
6  293.544	5.817233e-01	8.944612e-01	7.141598e-01	1.391333e-01	
13  293.376	7.585968e-01	8.900664e-01	7.008521e-01	1.403196e-01	
10  292.898	6.376728e-01	8.130744e-01	7.115383e-01	1.457248e-01	
6  294.08	5.127700e-01	8.315868e-01	7.211371e-01	1.451225e-01	
5  294.458	8.208563e-01	9.550417e-01	6.877348e-01	1.245959e-01	
1  293.953	7.574476e-01	9.298647e-01	6.992354e-01	1.398257e-01	
3  293.884	6.408666e-01	8.189484e-01	7.039285e-01	1.356295e-01	
6  294.522	6.720009e-01	9.173611e-01	6.852553e-01	1.250590e-01	
16  294.422	8.622907e-01	8.455758e-01	7.206340e-01	1.509269e-01	
8  295.419	8.948469e-01	8.083104e-01	7.289951e-01	1.629827e-01	
4  296.332	6.957342e-01	9.001364e-01	6.946280e-01	1.473834e-01	
7  294.222	6.223698e-01	8.874924e-01	6.882633e-01	1.307676e-01	
7  295.251	5.002163e-01	8.639642e-01	7.090597e-01	1.622759e-01	
2  296.349	5.049844e-01	8.978177e-01	6.969117e-01	1.522439e-01	
3  294.296	5.376961e-01	9.072371e-01	7.109713e-01	1.560032e-01	
10  293.999	8.174355e-01	8.193464e-01	7.082246e-01	1.535332e-01	
1  295.087	6.857104e-01	8.313825e-01	7.218879e-01	1.688386e-01	
3  295.028	8.055067e-01	8.043345e-01	7.289952e-01	1.679548e-01	
2  293.828	8.795936e-01	8.271425e-01	7.104946e-01	1.508759e-01	
2  294.964	8.948348e-01	8.303661e-01	7.203304e-01	1.600011e-01	
4  295.508	7.932626e-01	9.504775e-01	7.177254e-01	1.441819e-01	
1  294.592	8.167539e-01	9.654746e-01	7.045229e-01	1.388876e-01	
5  293.703	7.877987e-01	8.817261e-01	7.090383e-01	1.482377e-01	
7  294.158	7.424903e-01	8.971712e-01	6.949908e-01	1.393556e-01	
25  293.107	5.310666e-01	8.524697e-01	6.980126e-01	1.426775e-01	
4  293.257	6.546536e-01	8.185673e-01	7.182987e-01	1.490350e-01	
3  293.18	7.719576e-01	8.074401e-01	7.126851e-01	1.517227e-01	
3  293.665	6.890423e-01	9.488284e-01	7.048316e-01	1.309586e-01	
1  293.266	7.264651e-01	8.914250e-01	7.043332e-01	1.349549e-01	
70  293.441	6.445448e-01	9.612795e-01	6.905960e-01	1.268280e-01	
2  292.326	5.062014e-01	8.375886e-01	7.079465e-01	1.428730e-01	
2  293.339	6.526808e-01	8.581674e-01	7.032753e-01	1.346437e-01	
6  293.095	5.666934e-01	9.892045e-01	6.951517e-01	1.300227e-01	
4  294.4	8.638722e-01	9.143377e-01	7.005889e-01	1.406851e-01	
1  295.59	8.405865e-01	8.934231e-01	7.032335e-01	1.254944e-01	
1  293.871	7.359542e-01	9.712688e-01	6.908439e-01	1.231355e-01	
7  296.026	7.520543e-01	9.254414e-01	6.905159e-01	1.161712e-01	
1  295.457	9.384686e-01	8.429062e-01	6.948367e-01	1.255535e-01	
13  293.759	6.348244e-01	9.306643e-01	6.920299e-01	1.235264e-01	
3  294.376	7.246252e-01	8.716483e-01	7.067224e-01	1.319286e-01	
1  294.337	7.380639e-01	9.321399e-01	6.961965e-01	1.232004e-01	
8  295.819	9.284255e-01	9.517354e-01	6.859939e-01	1.279250e-01	
1  295.317	9.200077e-01	8.657560e-01	6.928610e-01	1.387717e-01	
4  293.32	7.197950e-01	8.551273e-01	7.021622e-01	1.358690e-01	
30  293.206	6.264960e-01	8.056001e-01	7.044633e-01	1.414967e-01	
14  292.747	6.299480e-01	8.076722e-01	7.146001e-01	1.501997e-01	
5  293.763	7.097386e-01	8.182026e-01	7.023320e-01	1.488470e-01	
4  294.867	8.043428e-01	8.152541e-01	7.255865e-01	1.518980e-01	
18  293.451	8.165840e-01	8.131541e-01	7.053956e-01	1.427463e-01	
3  296.498	8.143571e-01	8.723448e-01	6.814351e-01	1.272321e-01	
3  294.374	6.049387e-01	8.898090e-01	7.035480e-01	1.517225e-01	
2  294.627	7.262707e-01	8.955115e-01	6.992899e-01	1.463139e-01	
1  294.395	5.366110e-01	8.985947e-01	6.865344e-01	1.322246e-01	
1  295.057	7.161226e-01	9.511114e-01	7.106529e-01	1.491807e-01	
1  295.108	6.219138e-01	9.339409e-01	7.234302e-01	1.516644e-01	
1  294.591	5.816552e-01	9.378719e-01	7.206840e-01	1.448965e-01	
1  293.038	5.813401e-01	8.281613e-01	7.155609e-01	1.455363e-01	
8  292.59	5.919036e-01	8.611215e-01	7.077213e-01	1.408565e-01	
4  293.214	6.271075e-01	9.369772e-01	7.000198e-01	1.393281e-01	
1  293.898	7.171038e-01	9.873148e-01	7.009228e-01	1.276625e-01	
9  294.785	8.712079e-01	9.386330e-01	7.105886e-01	1.400091e-01	
17  293.123	6.751879e-01	8.584878e-01	7.131461e-01	1.434791e-01	
5  293.842	6.156934e-01	8.436434e-01	7.183354e-01	1.626157e-01	
3  295.382	7.496654e-01	8.997312e-01	7.233988e-01	1.575113e-01	
3  294.24	7.350677e-01	8.981023e-01	7.080080e-01	1.507381e-01	
8  294.568	9.414677e-01	9.038039e-01	7.029798e-01	1.400861e-01	
3  293.862	6.761255e-01	8.843603e-01	7.001490e-01	1.456781e-01	
1  294.149	8.020783e-01	8.566966e-01	6.973452e-01	1.418479e-01	
8  294.198	8.051303e-01	8.868150e-01	6.943809e-01	1.372656e-01	
6  293.662	7.744757e-01	8.521112e-01	7.155145e-01	1.540095e-01	
7  294.397	6.504656e-01	8.135859e-01	7.306084e-01	1.682188e-01	
3  293.847	5.288394e-01	8.386756e-01	7.233474e-01	1.668870e-01	
1  294.675	6.623863e-01	8.027140e-01	7.151278e-01	1.666064e-01	
2  298.895	5.474759e-01	8.654383e-01	6.856301e-01	1.464780e-01	
18  295.357	8.023821e-01	8.624045e-01	6.953683e-01	1.450265e-01	
2  293.992	8.746279e-01	9.165764e-01	7.039959e-01	1.342778e-01	
20  295.524	9.924388e-01	8.977053e-01	6.989691e-01	1.243759e-01	
9  295.248	9.769462e-01	9.007405e-01	6.964518e-01	1.238997e-01	
2  294.208	8.261783e-01	9.140164e-01	7.026112e-01	1.293101e-01	
2  297.272	9.228375e-01	9.634520e-01	7.076805e-01	1.238742e-01	
9  297.522	9.235400e-01	9.803969e-01	7.130784e-01	1.301268e-01	
16  299.278	8.828938e-01	8.946471e-01	6.919180e-01	1.118267e-01	
9  298.913	5.988241e-01	8.866233e-01	6.729179e-01	1.136081e-01	
3  298.042	5.295991e-01	8.844013e-01	6.785824e-01	1.132426e-01	
8  296.73	6.211517e-01	8.586506e-01	6.818837e-01	1.206926e-01	
3  294.346	6.835298e-01	9.518985e-01	6.869595e-01	1.196329e-01	
12  294.175	5.155376e-01	8.979199e-01	6.876659e-01	1.235845e-01	
3  293.025	5.862748e-01	8.323440e-01	7.013022e-01	1.386556e-01	
1  293.659	5.824021e-01	8.450737e-01	6.996757e-01	1.323019e-01	
5  294.618	6.223387e-01	8.374388e-01	7.000384e-01	1.295801e-01	
9  294.409	5.713307e-01	8.240335e-01	7.075981e-01	1.345017e-01	
20  292.982	5.137842e-01	9.634629e-01	6.993149e-01	1.264126e-01	
16  293.707	5.136984e-01	9.328030e-01	6.917746e-01	1.366319e-01	
36  292.477	5.131182e-01	8.304073e-01	7.174073e-01	1.575978e-01	
16  293.066	5.765888e-01	8.881520e-01	7.100458e-01	1.375145e-01	
30  293.21	5.384573e-01	9.268777e-01	7.138207e-01	1.404546e-01	
7  292.88	6.792779e-01	8.072126e-01	7.097834e-01	1.495078e-01	
6  293.588	8.052188e-01	8.363892e-01	7.080296e-01	1.394614e-01	
21  293.607	6.754667e-01	9.123899e-01	7.148510e-01	1.433631e-01	
2  292.851	6.638460e-01	8.871746e-01	7.032883e-01	1.416486e-01	
5  293.531	8.354708e-01	8.379873e-01	7.044729e-01	1.448022e-01	
73  293.62	8.963375e-01	8.068869e-01	7.085683e-01	1.466042e-01	
6  294.493	9.775718e-01	8.340970e-01	7.151818e-01	1.481299e-01	
10  294.139	8.893028e-01	9.276809e-01	7.027942e-01	1.333949e-01	
1  294.489	8.886080e-01	9.205205e-01	7.038024e-01	1.301710e-01	
4  294.844	9.249898e-01	8.993901e-01	6.988624e-01	1.260865e-01	
7  294.748	7.440717e-01	8.087603e-01	7.229505e-01	1.480240e-01	
3  296.073	7.022335e-01	8.498745e-01	7.031119e-01	1.261875e-01	
4  294.361	7.214965e-01	9.509393e-01	7.131982e-01	1.440682e-01	
2  295.4	9.107185e-01	9.263118e-01	7.105190e-01	1.332281e-01	
4  294.454	8.909202e-01	9.215650e-01	6.991294e-01	1.269659e-01	
9  293.339	7.384054e-01	9.153204e-01	6.974669e-01	1.346566e-01	
6  293.667	8.393216e-01	9.146274e-01	7.005631e-01	1.344538e-01	
7  295.612	6.892025e-01	9.608009e-01	7.169521e-01	1.363191e-01	
4  295.183	5.117267e-01	9.766700e-01	7.182420e-01	1.501401e-01	
1  294.376	5.561410e-01	8.404762e-01	7.293212e-01	1.682619e-01	
4  294.596	6.011618e-01	8.201833e-01	7.331426e-01	1.635861e-01	
8  293.447	6.102133e-01	9.322992e-01	6.903155e-01	1.261985e-01	
37  292.361	5.284876e-01	8.050280e-01	7.171108e-01	1.556903e-01	
1  292.826	6.261493e-01	9.307253e-01	7.009814e-01	1.332403e-01	
8  292.53	5.100795e-01	9.232481e-01	7.028281e-01	1.325511e-01	
1  292.669	6.097588e-01	8.781240e-01	7.059603e-01	1.385240e-01	
10  293.267	5.268131e-01	9.630716e-01	6.896432e-01	1.292365e-01	
23  293.531	5.226278e-01	9.416740e-01	6.968659e-01	1.404087e-01	
3  293.529	6.557678e-01	8.358057e-01	6.976198e-01	1.405396e-01	
4  292.592	5.882581e-01	9.246754e-01	7.015169e-01	1.363123e-01	
5  293.942	6.263861e-01	9.402958e-01	7.105675e-01	1.482136e-01	
7  293.201	5.813615e-01	8.349846e-01	7.238218e-01	1.581403e-01	
3  293.327	6.636342e-01	8.844207e-01	7.063523e-01	1.348622e-01	
7  293.237	5.675615e-01	8.202431e-01	7.256252e-01	1.591553e-01	
14  293.438	6.543441e-01	9.189651e-01	7.011754e-01	1.292903e-01	
1  293.602	7.231834e-01	8.692103e-01	6.979365e-01	1.319316e-01	
1  293.84	8.323912e-01	8.985503e-01	7.039327e-01	1.424243e-01	
8  295.294	7.734858e-01	9.122112e-01	7.071738e-01	1.517242e-01	
1  296.48	7.394574e-01	8.802036e-01	7.326273e-01	1.607555e-01	
1  295.766	5.398109e-01	9.054558e-01	7.084978e-01	1.591444e-01	
2  294.423	7.624467e-01	9.495794e-01	7.055208e-01	1.432800e-01	
4  293.277	7.423741e-01	8.501585e-01	7.041231e-01	1.377523e-01	
17  293.095	5.251558e-01	8.526721e-01	7.006838e-01	1.338970e-01	
2  292.266	5.018491e-01	9.280026e-01	7.044996e-01	1.372474e-01	
28  292.422	5.554930e-01	8.230762e-01	7.159955e-01	1.530148e-01	
3  293.807	6.509169e-01	8.386778e-01	7.232191e-01	1.514494e-01	
5  294.873	8.021249e-01	8.345660e-01	7.268486e-01	1.552105e-01	
4  293.964	5.035422e-01	9.211953e-01	6.927211e-01	1.396384e-01	
3  293.969	8.057635e-01	9.520308e-01	6.983336e-01	1.345710e-01	
5  294.39	7.027197e-01	8.870650e-01	7.219341e-01	1.484680e-01	
# After 178 accepted steps: stop adapting the jumping factor at a value of 3.340190 with a local acceptance rate 0.252500 
3  293.937	5.505780e-01	8.800367e-01	7.160343e-01	1.391753e-01	
2  293.472	7.300242e-01	8.758241e-01	7.082956e-01	1.370300e-01	
4  294.258	6.114516e-01	8.640098e-01	7.197426e-01	1.431851e-01	
2  295.772	8.084302e-01	8.628575e-01	7.291557e-01	1.591910e-01	
1  295.204	6.258679e-01	8.973435e-01	7.276135e-01	1.526456e-01	
15  292.916	5.081200e-01	9.819521e-01	7.042828e-01	1.339134e-01	
7  293.15	6.368622e-01	9.621381e-01	7.010731e-01	1.356733e-01	
6  294.393	8.632121e-01	8.954099e-01	7.131675e-01	1.472717e-01	
2  294.084	7.014641e-01	9.386653e-01	6.881796e-01	1.230380e-01	
7  294.226	7.361741e-01	8.955811e-01	6.896156e-01	1.271728e-01	
1  293.767	6.970419e-01	9.296137e-01	6.899383e-01	1.274492e-01	
2  293.661	6.989490e-01	8.769355e-01	7.007633e-01	1.310360e-01	
2  296.17	7.096171e-01	8.146367e-01	6.868379e-01	1.284709e-01	
9  293.485	6.675352e-01	8.502642e-01	6.984169e-01	1.422694e-01	
1  296.12	8.145340e-01	8.756375e-01	6.905793e-01	1.413719e-01	
6  295.739	7.730704e-01	8.341371e-01	7.281664e-01	1.694311e-01	
8  294.026	8.381744e-01	8.525607e-01	7.126610e-01	1.528395e-01	
8  294.248	8.544173e-01	8.986039e-01	7.025941e-01	1.432206e-01	
1  294.235	7.415364e-01	8.958955e-01	7.156142e-01	1.532451e-01	
12  293.687	5.893883e-01	9.356443e-01	7.115864e-01	1.486840e-01	
1  294.049	6.729583e-01	9.415078e-01	6.928551e-01	1.356450e-01	
2  292.778	5.668715e-01	8.822256e-01	6.974433e-01	1.363651e-01	
1  293.692	6.116129e-01	8.899648e-01	7.005022e-01	1.462681e-01	
18  294.173	6.483254e-01	8.477279e-01	6.957330e-01	1.434165e-01	
4  293.65	6.121959e-01	9.930003e-01	6.899458e-01	1.276031e-01	
1  293.323	6.990431e-01	9.624585e-01	6.969282e-01	1.295595e-01	
5  294.341	7.603902e-01	8.191662e-01	7.271138e-01	1.586377e-01	
7  295.024	7.412887e-01	8.094983e-01	7.324344e-01	1.674543e-01	
8  294.619	8.862754e-01	8.637931e-01	7.170737e-01	1.439740e-01	
1  294.426	7.563771e-01	8.618139e-01	6.914709e-01	1.291490e-01	
4  293.558	7.305852e-01	9.505173e-01	6.940774e-01	1.267874e-01	
5  294.23	8.038100e-01	8.989403e-01	6.913504e-01	1.321062e-01	
1  295.258	7.520305e-01	9.904291e-01	6.810464e-01	1.215616e-01	
15  292.91	5.444337e-01	9.706201e-01	6.944502e-01	1.308929e-01	
10  293.007	5.094867e-01	8.093799e-01	7.021685e-01	1.478047e-01	
19  293.12	6.260367e-01	8.116630e-01	7.127057e-01	1.446260e-01	
15  292.908	6.836349e-01	8.247702e-01	7.151363e-01	1.501312e-01	
1  292.893	6.942814e-01	8.695966e-01	7.091070e-01	1.424659e-01	
6  293.159	5.444408e-01	8.359002e-01	7.209393e-01	1.497268e-01	
14  293.042	6.632393e-01	9.290594e-01	6.969179e-01	1.322840e-01	
8  292.859	6.399397e-01	8.036885e-01	7.125578e-01	1.548929e-01	
30  292.824	5.066383e-01	8.061268e-01	7.140556e-01	1.458540e-01	
1  293.249	7.036243e-01	8.996793e-01	6.971763e-01	1.321729e-01	
4  293.525	7.605130e-01	8.310340e-01	7.031321e-01	1.376020e-01	
1  294.4	5.061848e-01	9.306577e-01	7.066754e-01	1.271749e-01	
23  292.616	5.381726e-01	8.888200e-01	7.110748e-01	1.406294e-01	
6  292.791	5.709312e-01	8.898354e-01	7.130522e-01	1.499325e-01	
8  293.379	6.471776e-01	9.762023e-01	6.917546e-01	1.259000e-01	
1  293.524	6.215967e-01	9.370028e-01	7.055768e-01	1.309181e-01	
1  293.862	8.285432e-01	9.170565e-01	6.946389e-01	1.292245e-01	
6  294.186	8.163113e-01	8.905617e-01	7.132848e-01	1.397456e-01	
18  293.81	8.017569e-01	8.378288e-01	7.021234e-01	1.460440e-01	
3  294.363	8.719648e-01	8.384706e-01	7.168157e-01	1.560271e-01	
3  294.848	6.694510e-01	9.672888e-01	7.032123e-01	1.445949e-01	
5  294.823	7.120982e-01	9.683608e-01	7.113860e-01	1.332724e-01	
4  294.69	8.726583e-01	8.846550e-01	6.989751e-01	1.429765e-01	
1  293.159	6.425545e-01	8.454505e-01	7.008124e-01	1.437940e-01	
2  293.256	6.623892e-01	8.636612e-01	7.053295e-01	1.487512e-01	
6  293.047	5.304263e-01	9.752373e-01	7.059455e-01	1.342651e-01	
5  293.445	6.388875e-01	8.396929e-01	7.215542e-01	1.514017e-01	
2  293.721	8.115302e-01	8.767783e-01	7.113322e-01	1.405424e-01	
2  293.758	8.611981e-01	8.419809e-01	7.144499e-01	1.465471e-01	
5  293.586	7.157885e-01	9.197168e-01	7.115025e-01	1.451321e-01	
1  292.976	6.062888e-01	8.383069e-01	7.067204e-01	1.393111e-01	
16  292.927	6.054560e-01	8.117995e-01	7.203251e-01	1.599453e-01	
5  293.457	6.344016e-01	8.573139e-01	7.211133e-01	1.510357e-01	
4  293.049	5.951736e-01	8.931079e-01	7.161319e-01	1.472694e-01	
5  293.061	7.041248e-01	8.697177e-01	7.071905e-01	1.468479e-01	
30  292.513	5.812070e-01	8.915752e-01	7.018054e-01	1.376688e-01	
1  293.288	6.467558e-01	9.464795e-01	7.023035e-01	1.396369e-01	
13  293.004	5.362165e-01	8.166207e-01	7.213072e-01	1.518001e-01	
3  292.774	5.863579e-01	8.842571e-01	7.133551e-01	1.497394e-01	
7  294.382	5.203330e-01	8.129147e-01	6.955065e-01	1.325653e-01	
7  293.539	7.929750e-01	8.757466e-01	7.100508e-01	1.399466e-01	
8  293.954	7.798778e-01	8.670352e-01	7.187349e-01	1.487214e-01	
8  294.411	9.856538e-01	8.086994e-01	7.122354e-01	1.519421e-01	
33  294.536	9.986367e-01	8.090788e-01	6.989922e-01	1.398370e-01	
1  294.587	8.639635e-01	8.354081e-01	7.164820e-01	1.582050e-01	
2  293.982	7.468265e-01	9.111539e-01	7.151770e-01	1.435826e-01	
4  293.808	6.440913e-01	9.259783e-01	7.163191e-01	1.446962e-01	
1  294.965	8.561048e-01	9.846808e-01	7.044760e-01	1.340209e-01	
10  294.13	8.372006e-01	9.455295e-01	6.950652e-01	1.322231e-01	
1  293.823	7.149938e-01	9.260799e-01	7.022070e-01	1.287193e-01	
1  294.674	8.282186e-01	8.598462e-01	7.045059e-01	1.308069e-01	
5  294.054	8.765237e-01	8.940304e-01	7.090649e-01	1.383295e-01	
4  292.993	7.189130e-01	8.278679e-01	7.119705e-01	1.464911e-01	
7  294.041	8.287991e-01	9.333904e-01	7.021258e-01	1.298891e-01	
1  292.554	5.701207e-01	9.209972e-01	7.039369e-01	1.357293e-01	
15  293.346	7.775302e-01	8.741370e-01	7.100365e-01	1.466763e-01	
7  292.355	5.613592e-01	8.635430e-01	7.106550e-01	1.455705e-01	
5  293.729	6.123139e-01	8.567126e-01	7.060226e-01	1.338174e-01	
4  295.185	8.811246e-01	9.439481e-01	6.872414e-01	1.284366e-01	
2  295.146	8.389448e-01	8.094201e-01	6.923890e-01	1.379649e-01	
8  293.124	6.856309e-01	8.871934e-01	6.996536e-01	1.397215e-01	
2  294.418	5.372163e-01	8.292461e-01	7.125236e-01	1.642861e-01	
1  293.129	6.923963e-01	9.174203e-01	6.973691e-01	1.324443e-01	
1  293.824	8.506175e-01	9.247269e-01	6.994524e-01	1.316839e-01	
4  293.997	6.400095e-01	8.835500e-01	6.983761e-01	1.452708e-01	
10  293.736	8.301332e-01	8.778172e-01	6.972855e-01	1.331185e-01	
5  292.87	6.396707e-01	8.271173e-01	7.134013e-01	1.463062e-01	
5  293.267	6.169363e-01	9.401145e-01	7.097408e-01	1.431589e-01	
2  293.586	6.941189e-01	9.748369e-01	6.915264e-01	1.259350e-01	
1  294.068	5.740393e-01	9.965747e-01	7.074845e-01	1.305776e-01	
4  294.656	6.665210e-01	9.817169e-01	7.131130e-01	1.404405e-01	
12  292.286	5.005483e-01	9.330798e-01	7.038607e-01	1.378785e-01	
10  293.094	6.130385e-01	8.799291e-01	7.069462e-01	1.359280e-01	
20  292.972	5.257832e-01	8.501765e-01	6.987447e-01	1.428049e-01	
8  293.816	7.437505e-01	9.147603e-01	6.916164e-01	1.283482e-01	
18  294.441	8.811652e-01	9.368121e-01	6.953572e-01	1.335153e-01	
5  295.365	9.097274e-01	9.665335e-01	6.918895e-01	1.313374e-01	
1  293.611	6.317461e-01	9.369268e-01	6.947872e-01	1.367160e-01	
6  293.299	5.527203e-01	9.847263e-01	6.898029e-01	1.214327e-01	
8  293.55	6.703397e-01	8.767226e-01	7.190844e-01	1.490330e-01	
3  293.204	6.464952e-01	9.244320e-01	7.107502e-01	1.438793e-01	
24  295.515	5.209921e-01	8.109465e-01	7.033160e-01	1.302907e-01	
20  294.065	6.311016e-01	8.223470e-01	7.272919e-01	1.558285e-01	
5  293.712	7.190796e-01	9.076658e-01	7.103964e-01	1.483935e-01	
1  293.296	5.840720e-01	8.499754e-01	7.231345e-01	1.553987e-01	
9  293.332	5.059367e-01	9.715794e-01	7.077711e-01	1.419829e-01	
1  294.177	5.636964e-01	9.487430e-01	7.142747e-01	1.500432e-01	
8  295.6	9.647726e-01	9.812588e-01	6.922017e-01	1.187439e-01	
1  297.915	9.300313e-01	9.429370e-01	6.854760e-01	1.094856e-01	
11  300.482	9.702958e-01	8.982580e-01	6.914164e-01	1.092708e-01	
3  295.007	8.433318e-01	8.963313e-01	7.052407e-01	1.286339e-01	
2  294.24	8.112241e-01	9.600566e-01	6.947529e-01	1.233268e-01	
4  294.321	7.737521e-01	9.634715e-01	7.070496e-01	1.398704e-01	
8  297.267	8.420910e-01	8.198095e-01	7.366303e-01	1.595315e-01	
11  293.823	8.367568e-01	8.925359e-01	7.075391e-01	1.364688e-01	
1  293.396	6.667869e-01	9.295992e-01	7.071162e-01	1.342763e-01	
2  293.519	5.057426e-01	9.681561e-01	7.120610e-01	1.376539e-01	
18  292.711	5.731251e-01	9.481917e-01	7.017056e-01	1.362818e-01	
6  294.493	7.008461e-01	9.492456e-01	7.150000e-01	1.399358e-01	
3  294.607	6.635046e-01	8.640048e-01	7.206236e-01	1.632506e-01	
8  294.32	7.039122e-01	9.270716e-01	7.097187e-01	1.326167e-01	
5  294.268	8.481065e-01	8.357303e-01	7.208489e-01	1.559038e-01	
2  293.957	8.355701e-01	8.426028e-01	6.970780e-01	1.377363e-01	
2  293.972	7.971565e-01	9.604683e-01	6.954363e-01	1.252335e-01	
1  296.192	7.276381e-01	9.957301e-01	6.787034e-01	1.233771e-01	
1  293.467	7.799913e-01	8.646926e-01	6.987610e-01	1.361137e-01	
2  294.235	9.976887e-01	8.019444e-01	7.112510e-01	1.437172e-01	
8  293.718	6.070651e-01	8.253312e-01	7.260961e-01	1.648484e-01	
7  293.606	8.933701e-01	8.070034e-01	7.116001e-01	1.483361e-01	
2  294.792	8.343954e-01	9.351275e-01	6.862044e-01	1.222357e-01	
4  295.016	9.130068e-01	9.824606e-01	6.885259e-01	1.203391e-01	
1  295.234	9.548963e-01	9.531186e-01	6.930634e-01	1.208449e-01	
1  295.044	9.161795e-01	9.293557e-01	7.065892e-01	1.307892e-01	
7  294.104	8.200714e-01	8.252422e-01	7.143921e-01	1.423438e-01	
1  294.896	7.541133e-01	8.432520e-01	7.125482e-01	1.361032e-01	
2  294.348	8.767943e-01	8.681817e-01	7.005626e-01	1.437441e-01	
1  294.794	7.069517e-01	9.250665e-01	6.911588e-01	1.373110e-01	
5  293.563	7.941199e-01	8.873846e-01	7.071934e-01	1.367805e-01	
9  294.097	9.289428e-01	8.461002e-01	6.989167e-01	1.350882e-01	
9  293.274	7.659285e-01	8.022904e-01	7.136943e-01	1.480317e-01	
12  292.358	5.490801e-01	8.668497e-01	7.070744e-01	1.462246e-01	
7  293.297	5.469049e-01	8.875831e-01	6.924305e-01	1.338511e-01	
5  293.329	5.897611e-01	9.521741e-01	7.018335e-01	1.280500e-01	
1  294.62	8.956193e-01	9.081274e-01	7.109607e-01	1.375593e-01	
5  293.364	5.147792e-01	9.879181e-01	7.058156e-01	1.383632e-01	
3  293.835	7.414995e-01	8.581549e-01	7.192118e-01	1.479515e-01	
7  295.191	9.856333e-01	8.593053e-01	7.128953e-01	1.505880e-01	
10  293.482	6.089410e-01	8.515544e-01	6.979741e-01	1.328538e-01	
16  294.55	7.822188e-01	8.657551e-01	6.901470e-01	1.299501e-01	
4  293.318	7.210257e-01	8.741256e-01	7.053581e-01	1.466706e-01	
5  293.672	7.701495e-01	8.720880e-01	6.958320e-01	1.340464e-01	
33  292.692	5.789609e-01	8.979216e-01	6.981637e-01	1.361243e-01	
1  292.77	5.016382e-01	9.701623e-01	7.029589e-01	1.370622e-01	
2  293.151	5.297328e-01	9.130549e-01	7.170338e-01	1.489827e-01	
1  293.795	7.186255e-01	9.001978e-01	7.111641e-01	1.501505e-01	
7  294.133	8.929289e-01	9.098439e-01	7.057144e-01	1.397468e-01	
2  295.386	9.751261e-01	8.468202e-01	6.989909e-01	1.449690e-01	
4  294.653	9.385212e-01	8.420884e-01	7.180629e-01	1.518804e-01	
12  293.611	7.139294e-01	8.329796e-01	7.075004e-01	1.530215e-01	
1  293.913	6.384597e-01	8.818830e-01	7.113009e-01	1.358690e-01	
3  293.1	7.408492e-01	8.979376e-01	7.057404e-01	1.399819e-01	
2  293.818	6.821549e-01	8.811244e-01	7.027007e-01	1.307008e-01	
7  295.424	9.385262e-01	9.499003e-01	7.044699e-01	1.389364e-01	
5  295.312	7.782984e-01	9.776797e-01	7.073390e-01	1.430664e-01	
3  295.902	8.418790e-01	8.886645e-01	7.218993e-01	1.583298e-01	
3  294.334	8.083104e-01	8.401163e-01	7.232001e-01	1.537655e-01	
1  294.411	7.167813e-01	8.674708e-01	7.202795e-01	1.599242e-01	
8  293.538	5.170057e-01	8.532872e-01	7.075665e-01	1.559419e-01	
1  294.023	6.455993e-01	8.674688e-01	7.150537e-01	1.589080e-01	
2  295.618	8.440142e-01	9.367738e-01	6.929942e-01	1.383251e-01	
3  297.092	7.229623e-01	9.764136e-01	7.200481e-01	1.526382e-01	
3  294.891	6.643671e-01	9.128472e-01	7.187483e-01	1.571094e-01	
19  292.789	5.197144e-01	9.415356e-01	7.090974e-01	1.425973e-01	
5  293.93	6.857540e-01	9.156632e-01	7.149062e-01	1.406078e-01	
1  293.165	6.064039e-01	9.535201e-01	7.079312e-01	1.377079e-01	
4  294.556	7.971944e-01	8.936599e-01	6.999792e-01	1.266519e-01	
8  292.93	5.798272e-01	8.293359e-01	7.104600e-01	1.420064e-01	
1  293.285	6.404394e-01	9.377611e-01	6.984718e-01	1.380160e-01	
10  293.313	7.821676e-01	8.732894e-01	7.009826e-01	1.382717e-01	
5  294.713	9.889835e-01	8.454288e-01	7.132603e-01	1.418266e-01	
1  294.747	9.356678e-01	8.627984e-01	6.938021e-01	1.277044e-01	
4  294.493	6.971005e-01	9.224762e-01	6.858016e-01	1.236173e-01	
3  294.763	5.456049e-01	9.667377e-01	6.809493e-01	1.153804e-01	
4  295.347	7.311815e-01	9.436294e-01	6.807160e-01	1.206452e-01	
1  293.988	7.502302e-01	8.805166e-01	7.033686e-01	1.476201e-01	
12  294.155	6.294583e-01	9.229502e-01	7.052339e-01	1.284929e-01	
8  294.084	9.122203e-01	8.475600e-01	7.119197e-01	1.492209e-01	
5  293.073	7.475604e-01	8.368902e-01	7.059005e-01	1.444868e-01	
20  293.377	6.040049e-01	8.897968e-01	6.959957e-01	1.291341e-01	
4  294.454	6.992592e-01	8.268038e-01	6.973253e-01	1.312278e-01	
12  294.595	7.266654e-01	8.433830e-01	7.079453e-01	1.336004e-01	
3  294.222	7.390835e-01	8.856186e-01	7.171263e-01	1.423933e-01	
3  294.076	5.319377e-01	8.496856e-01	7.289447e-01	1.570202e-01	
11  292.621	5.309420e-01	8.370226e-01	7.137169e-01	1.449915e-01	
6  295.223	6.503607e-01	8.415042e-01	6.999027e-01	1.529906e-01	
7  294.646	5.797933e-01	8.613918e-01	6.875378e-01	1.315212e-01	
2  295.638	7.880655e-01	9.805738e-01	6.875591e-01	1.314173e-01	
1  294.929	9.760878e-01	9.384998e-01	6.922360e-01	1.260567e-01	
7  294.35	8.462537e-01	8.468375e-01	7.172881e-01	1.442661e-01	
4  293.615	8.298227e-01	8.240207e-01	7.086504e-01	1.504939e-01	
3  294.584	8.944767e-01	8.368345e-01	6.980709e-01	1.431892e-01	
1  294.489	8.719482e-01	8.751721e-01	6.922208e-01	1.281120e-01	
8  294.87	9.519060e-01	9.442199e-01	6.950177e-01	1.308955e-01	
3  293.684	8.098078e-01	8.233908e-01	7.008425e-01	1.388883e-01	
6  295.203	7.652544e-01	8.279762e-01	7.104124e-01	1.344598e-01	
2  293.705	7.367953e-01	8.013113e-01	7.082463e-01	1.407866e-01	
7  293.608	5.410835e-01	8.283055e-01	6.961175e-01	1.353233e-01	
9  292.361	5.443022e-01	8.426437e-01	7.139251e-01	1.483501e-01	
8  293.058	6.229454e-01	8.664399e-01	7.148507e-01	1.443651e-01	
1  293.519	8.091881e-01	8.289349e-01	7.028223e-01	1.392969e-01	
14  294.448	9.077962e-01	8.197602e-01	7.091685e-01	1.376028e-01	
8  293.887	7.628317e-01	8.617305e-01	7.017103e-01	1.321197e-01	
4  293.02	6.780263e-01	8.202631e-01	7.099523e-01	1.525824e-01	
4  293.337	5.075437e-01	8.748133e-01	7.056287e-01	1.327066e-01	
9  294.066	7.636789e-01	9.181220e-01	7.135715e-01	1.408059e-01	
2  294.506	8.799392e-01	8.494006e-01	7.181742e-01	1.546882e-01	
27  292.974	7.194739e-01	8.075033e-01	7.132270e-01	1.512234e-01	
2  294.512	5.876519e-01	8.401432e-01	6.944857e-01	1.286073e-01	
3  294.681	8.661872e-01	8.598079e-01	6.961106e-01	1.275473e-01	
1  295.174	7.682508e-01	8.344693e-01	7.181494e-01	1.650832e-01	
19  295.789	5.908222e-01	8.199443e-01	7.086742e-01	1.650727e-01	
3  295.909	6.420753e-01	8.126882e-01	7.193311e-01	1.730634e-01	
2  296.248	7.092040e-01	9.445662e-01	7.187421e-01	1.561904e-01	
14  294.278	5.173236e-01	9.211166e-01	7.225528e-01	1.470868e-01	
4  294.255	5.284171e-01	9.781025e-01	7.138517e-01	1.449842e-01	
11  293.565	7.811299e-01	9.388750e-01	6.984491e-01	1.303992e-01	
11  292.977	6.251331e-01	8.570056e-01	7.141567e-01	1.444004e-01	
8  292.91	5.907677e-01	9.625368e-01	6.958527e-01	1.304142e-01	
12  293.084	5.962859e-01	9.835959e-01	6.994947e-01	1.309621e-01	
3  294.065	7.546585e-01	9.029847e-01	7.140471e-01	1.502625e-01	
3  293.806	5.832690e-01	9.953754e-01	6.859676e-01	1.184219e-01	
1  293.295	6.907518e-01	8.094331e-01	7.120439e-01	1.442502e-01	
4  292.779	5.253477e-01	8.476309e-01	7.112302e-01	1.551781e-01	
2  293.217	6.149291e-01	8.447845e-01	7.158940e-01	1.580791e-01	
7  294.223	5.616153e-01	9.803749e-01	7.111208e-01	1.442591e-01	
16  294.375	5.465868e-01	9.409220e-01	7.207314e-01	1.473733e-01	
2  293.467	6.194293e-01	8.429305e-01	7.178127e-01	1.454640e-01	
21  292.809	5.215957e-01	8.039458e-01	7.134496e-01	1.595641e-01	
2  293.034	6.210487e-01	8.299225e-01	7.205880e-01	1.577835e-01	
4  293.338	5.826990e-01	9.266942e-01	6.986413e-01	1.409963e-01	
7  293.71	5.182777e-01	9.010925e-01	6.951102e-01	1.419311e-01	
4  293.269	5.759200e-01	8.541518e-01	7.069105e-01	1.360452e-01	
12  293.881	9.091739e-01	8.619536e-01	7.071673e-01	1.388663e-01	
2  293.962	7.677492e-01	9.858695e-01	6.928161e-01	1.238509e-01	
2  294.042	7.958573e-01	8.827662e-01	6.927752e-01	1.303473e-01	
1  294.027	8.908881e-01	8.296025e-01	6.992354e-01	1.400117e-01	
13  293.599	5.638291e-01	8.145163e-01	7.186086e-01	1.460310e-01	
3  294.219	8.982062e-01	8.753965e-01	6.957395e-01	1.301470e-01	
1  294.224	7.849356e-01	8.927056e-01	7.033317e-01	1.467066e-01	
18  295.019	5.476032e-01	9.932861e-01	7.165328e-01	1.422751e-01	
3  294.255	6.534781e-01	9.370762e-01	7.153877e-01	1.495635e-01	
9  293.626	6.039756e-01	9.380190e-01	7.144158e-01	1.457877e-01	
4  293.518	5.811458e-01	9.475461e-01	6.880310e-01	1.260380e-01	
29  292.312	5.252286e-01	8.311983e-01	7.155079e-01	1.507415e-01	
13  292.721	5.056869e-01	8.816947e-01	7.045210e-01	1.344011e-01	
20  293.269	6.357515e-01	8.824894e-01	7.124279e-01	1.400985e-01	
3  293.247	7.391133e-01	8.444105e-01	7.119924e-01	1.434755e-01	
8  293.334	5.286173e-01	8.966024e-01	7.179616e-01	1.441868e-01	
6  293.884	5.132270e-01	9.538209e-01	7.128787e-01	1.488455e-01	
2  293.943	5.484831e-01	9.723588e-01	7.032391e-01	1.428374e-01	
6  294.087	6.870444e-01	9.854823e-01	6.942967e-01	1.207280e-01	
4  293.914	7.221755e-01	9.541643e-01	6.895801e-01	1.277996e-01	
19  293.368	5.829639e-01	9.971162e-01	6.906423e-01	1.263640e-01	
9  293.922	6.598389e-01	9.836396e-01	6.867390e-01	1.235967e-01	
12  293.541	6.855642e-01	8.011512e-01	7.035063e-01	1.403200e-01	
2  294.596	8.178473e-01	8.296284e-01	7.145519e-01	1.400017e-01	
14  293.666	8.001404e-01	8.653997e-01	7.147509e-01	1.497455e-01	
5  294.364	8.495615e-01	9.263692e-01	7.054646e-01	1.422338e-01	
2  293.882	7.897563e-01	8.582340e-01	7.112387e-01	1.388824e-01	
2  294.427	9.657369e-01	8.600987e-01	7.014897e-01	1.415026e-01	
4  294.065	8.848205e-01	8.735866e-01	7.100146e-01	1.469060e-01	
3  295.103	7.521252e-01	9.378537e-01	7.090013e-01	1.294931e-01	
4  293.961	9.367395e-01	8.178898e-01	7.129400e-01	1.496179e-01	
8  294.214	7.769005e-01	8.371664e-01	6.944448e-01	1.366513e-01	
3  292.776	6.489774e-01	8.115902e-01	7.158088e-01	1.523871e-01	
4  294.515	7.099366e-01	8.567545e-01	6.900827e-01	1.310584e-01	
5  294.678	7.899965e-01	8.017942e-01	6.967422e-01	1.339347e-01	
14  293.545	6.826064e-01	8.010397e-01	7.167308e-01	1.469678e-01	
1  295.245	6.394095e-01	8.568423e-01	6.983926e-01	1.254823e-01	
5  293.352	5.810539e-01	8.700577e-01	6.939535e-01	1.333249e-01	
11  292.278	5.077216e-01	8.611381e-01	7.079554e-01	1.410804e-01	
9  293.763	6.380409e-01	8.167687e-01	6.997026e-01	1.359407e-01	
33  293.512	6.092543e-01	8.062728e-01	6.994888e-01	1.421423e-01	
18  292.29	5.432599e-01	8.653449e-01	7.064752e-01	1.418672e-01	
7  293.358	7.274764e-01	8.070209e-01	7.124396e-01	1.562577e-01	
3  294.252	5.160868e-01	8.291189e-01	6.919447e-01	1.385848e-01	
12  295.359	9.019599e-01	8.068763e-01	7.221281e-01	1.465048e-01	
11  294.083	6.006169e-01	8.927051e-01	7.212873e-01	1.463056e-01	
13  292.379	5.639809e-01	8.579480e-01	7.123236e-01	1.481643e-01	
3  292.961	7.069850e-01	8.304852e-01	7.067115e-01	1.464308e-01	
15  293.747	5.476786e-01	9.339335e-01	6.953708e-01	1.400359e-01	
10  295.014	5.145125e-01	9.161320e-01	6.949833e-01	1.456691e-01	
1  292.751	5.413926e-01	9.634944e-01	7.029907e-01	1.329447e-01	
5  292.876	6.855617e-01	8.714484e-01	7.107179e-01	1.446171e-01	
14  292.858	5.860266e-01	8.458500e-01	7.008106e-01	1.387334e-01	
24  293.35	5.345901e-01	9.548058e-01	6.879868e-01	1.236014e-01	
1  293.876	7.808059e-01	9.293577e-01	7.064474e-01	1.423365e-01	
4  292.988	7.121847e-01	8.493625e-01	7.062472e-01	1.459728e-01	
2  294.441	7.843681e-01	8.420792e-01	7.090151e-01	1.557620e-01	
8  294.994	7.977596e-01	9.278319e-01	7.142565e-01	1.495786e-01	
3  294.622	9.680911e-01	8.847848e-01	7.099539e-01	1.404048e-01	
3  295.85	8.719834e-01	9.414835e-01	7.070424e-01	1.466513e-01	
1  294.923	6.695767e-01	9.511094e-01	7.115505e-01	1.502036e-01	
5  294.074	7.493716e-01	9.253704e-01	7.120115e-01	1.466884e-01	
9  294.839	5.863946e-01	9.300820e-01	7.228525e-01	1.540707e-01	
1  294.691	8.644426e-01	9.648338e-01	6.997158e-01	1.353778e-01	
9  300.051	6.915789e-01	9.381790e-01	7.072918e-01	1.621759e-01	
10  298.911	7.576022e-01	9.560413e-01	7.311548e-01	1.495560e-01	
7  296.032	5.845153e-01	9.848058e-01	7.201936e-01	1.394868e-01	
14  294.483	5.568033e-01	9.799336e-01	7.136808e-01	1.356812e-01	
2  297.665	8.232255e-01	8.249501e-01	7.396337e-01	1.722425e-01	
1  297.778	6.654407e-01	9.335891e-01	6.949750e-01	1.493832e-01	
2  295.198	6.146345e-01	9.970078e-01	6.849169e-01	1.293893e-01	
2  293.347	6.630164e-01	9.401881e-01	6.925519e-01	1.284298e-01	
1  292.164	5.116159e-01	8.576149e-01	7.117595e-01	1.465850e-01	
1  294.118	6.044375e-01	8.768465e-01	6.996377e-01	1.277063e-01	
3  292.888	6.748342e-01	9.111785e-01	7.040019e-01	1.392286e-01	
2  293.164	7.141521e-01	9.148396e-01	7.071944e-01	1.407946e-01	
7  293.952	5.567869e-01	9.031390e-01	7.206303e-01	1.453720e-01	
22  293.02	7.346398e-01	8.783254e-01	7.053353e-01	1.417402e-01	
3  294.879	8.232884e-01	8.023369e-01	7.251464e-01	1.515803e-01	
10  293.641	7.612429e-01	8.080029e-01	7.223942e-01	1.591516e-01	
24  294.071	9.256864e-01	8.060438e-01	7.012077e-01	1.403077e-01	
7  293.064	5.886397e-01	8.364237e-01	7.186385e-01	1.485814e-01	
6  292.443	5.858090e-01	8.389201e-01	7.104662e-01	1.490246e-01	
6  293.217	5.188824e-01	8.748516e-01	7.025179e-01	1.487810e-01	
4  293.761	7.847031e-01	8.306231e-01	7.064674e-01	1.510340e-01	
5  293.342	6.526484e-01	9.638256e-01	6.927167e-01	1.286904e-01	
25  293.155	6.052770e-01	9.828449e-01	6.991380e-01	1.284812e-01	
9  293.141	6.405582e-01	8.891064e-01	7.116916e-01	1.501650e-01	
6  294.299	9.588336e-01	8.124140e-01	7.143877e-01	1.529522e-01	
9  293.909	7.801458e-01	8.144957e-01	7.030648e-01	1.367988e-01	
1  294.278	8.269149e-01	9.162155e-01	6.904221e-01	1.289885e-01	
11  294.516	8.333619e-01	8.306976e-01	7.242123e-01	1.582144e-01	
1  293.895	8.157751e-01	8.294513e-01	7.203156e-01	1.552186e-01	
1  295.283	9.070881e-01	8.774702e-01	7.188124e-01	1.529143e-01	
5  294.822	9.376664e-01	9.489960e-01	6.963899e-01	1.318902e-01	
2  294.475	9.277192e-01	8.976222e-01	7.072390e-01	1.426861e-01	
2  294.369	9.328923e-01	8.112091e-01	7.197238e-01	1.526253e-01	
2  293.536	8.456398e-01	8.020207e-01	7.126754e-01	1.467082e-01	
13  293.222	7.163621e-01	8.343326e-01	7.151634e-01	1.548550e-01	
4  293.329	7.164019e-01	8.983935e-01	7.030199e-01	1.430357e-01	
1  294.414	6.512166e-01	9.192228e-01	6.881395e-01	1.327582e-01	
4  294.297	5.487415e-01	8.834378e-01	6.889160e-01	1.248258e-01	
1  297.232	7.243151e-01	9.516309e-01	6.926491e-01	1.126822e-01	
2  296.544	7.092675e-01	9.065595e-01	6.798809e-01	1.162107e-01	
1  296.568	8.759922e-01	9.310255e-01	6.838177e-01	1.133923e-01	
5  293.841	6.053408e-01	9.711850e-01	6.909453e-01	1.197860e-01	
1  293.562	5.804179e-01	8.570782e-01	6.949087e-01	1.318654e-01	
7  293.508	7.011751e-01	8.913105e-01	7.010680e-01	1.435568e-01	
3  293.765	7.931432e-01	8.179516e-01	7.146932e-01	1.445173e-01	
4  292.876	6.880189e-01	8.177953e-01	7.096266e-01	1.494021e-01	
1  293.1	7.032661e-01	8.483751e-01	7.160511e-01	1.508142e-01	
28  292.974	5.035686e-01	8.157359e-01	7.002752e-01	1.417959e-01	
4  293.436	6.242241e-01	8.318582e-01	7.245438e-01	1.586833e-01	
10  292.514	5.737901e-01	8.080877e-01	7.158611e-01	1.551761e-01	
26  292.941	5.501515e-01	9.043628e-01	6.998848e-01	1.422606e-01	
5  292.594	5.221540e-01	8.797663e-01	7.074033e-01	1.373833e-01	
4  293.031	6.471205e-01	8.251016e-01	7.098335e-01	1.534491e-01	
6  293.439	6.146135e-01	8.054945e-01	7.267000e-01	1.613572e-01	
10  293.153	7.391270e-01	8.236657e-01	7.158666e-01	1.535238e-01	
2  293.895	8.360898e-01	8.826589e-01	7.107303e-01	1.473575e-01	
2  293.706	5.718734e-01	9.265452e-01	7.101250e-01	1.502110e-01	
10  294.483	5.332826e-01	9.594891e-01	7.019656e-01	1.459096e-01	
21  295.46	6.311537e-01	8.314648e-01	7.285892e-01	1.735129e-01	
2  295.374	6.673157e-01	8.455397e-01	7.282186e-01	1.699602e-01	
2  294.723	6.477478e-01	9.265014e-01	7.175107e-01	1.544630e-01	
6  296.694	6.642377e-01	8.335786e-01	7.260132e-01	1.762143e-01	
8  295.576	7.995251e-01	8.651503e-01	7.253151e-01	1.624400e-01	
2  295.118	7.993565e-01	8.206413e-01	7.277295e-01	1.667612e-01	
2  297.048	6.433911e-01	8.834802e-01	7.325566e-01	1.507161e-01	
20  295.612	5.083472e-01	8.069492e-01	7.348280e-01	1.570730e-01	
8  295.517	5.451753e-01	8.353070e-01	7.366655e-01	1.731358e-01	
2  294.466	6.712369e-01	8.310641e-01	7.298804e-01	1.634866e-01	
4  295.07	8.140795e-01	8.660439e-01	7.225559e-01	1.590811e-01	
6  293.252	6.300174e-01	8.866472e-01	7.026475e-01	1.458195e-01	
4  292.656	6.015345e-01	8.427852e-01	7.051739e-01	1.458813e-01	
4  293.056	5.654504e-01	8.125761e-01	7.236463e-01	1.562584e-01	
11  292.85	6.432577e-01	8.049320e-01	7.182743e-01	1.547742e-01	
12  292.733	6.310987e-01	8.449100e-01	7.114010e-01	1.511849e-01	
6  293.244	5.532574e-01	8.551859e-01	7.210413e-01	1.494528e-01	
4  293.225	5.241367e-01	9.089549e-01	7.077398e-01	1.331396e-01	
6  292.72	5.145282e-01	8.986939e-01	7.058681e-01	1.344525e-01	
7  293.312	5.979229e-01	8.405998e-01	7.086416e-01	1.381745e-01	
5  294.016	6.088472e-01	8.324307e-01	7.029737e-01	1.331962e-01	
38  292.966	5.031448e-01	8.219684e-01	6.997345e-01	1.427838e-01	
5  292.67	6.379229e-01	8.651345e-01	7.083027e-01	1.421663e-01	
10  293.912	8.223581e-01	9.473712e-01	6.953162e-01	1.305884e-01	
1  294.526	8.275969e-01	9.797892e-01	6.984106e-01	1.335067e-01	
8  293.783	7.376606e-01	9.463364e-01	6.957914e-01	1.349000e-01	
2  294.033	7.952776e-01	9.264726e-01	7.017553e-01	1.287854e-01	
16  292.893	5.131837e-01	8.690541e-01	7.147719e-01	1.424310e-01	
1  292.855	6.564916e-01	8.332374e-01	7.058760e-01	1.424139e-01	
12  294.201	7.540094e-01	9.534297e-01	7.040316e-01	1.286391e-01	
12  294.738	6.343568e-01	9.997646e-01	6.923282e-01	1.341832e-01	
7  295.218	7.314844e-01	9.232185e-01	6.836535e-01	1.277200e-01	
8  295.374	7.455561e-01	9.192891e-01	6.890393e-01	1.182268e-01	
20  295.973	8.043228e-01	9.801395e-01	6.913697e-01	1.140971e-01	
1  296.002	8.039990e-01	9.205944e-01	7.220416e-01	1.542269e-01	
8  294.157	8.422897e-01	8.537088e-01	7.166060e-01	1.539747e-01	
2  293.578	6.747256e-01	8.358656e-01	7.021031e-01	1.480676e-01	
1  294.767	6.591911e-01	8.525026e-01	6.885281e-01	1.307906e-01	
4  293.047	6.121862e-01	8.617275e-01	6.979772e-01	1.363605e-01	
5  293.146	6.043473e-01	9.261866e-01	6.983923e-01	1.390542e-01	
47  292.838	5.851540e-01	9.595583e-01	7.006357e-01	1.345412e-01	
1  293.08	6.829639e-01	9.151668e-01	7.085628e-01	1.410868e-01	
2  294.257	6.593643e-01	9.220593e-01	7.129949e-01	1.520599e-01	
7  294.912	8.134172e-01	8.478098e-01	7.209876e-01	1.614800e-01	
4  294.511	9.356899e-01	9.282431e-01	7.031188e-01	1.334979e-01	
5  294.235	6.614778e-01	9.438048e-01	7.032574e-01	1.264120e-01	
1  293.66	8.462191e-01	8.172081e-01	7.110880e-01	1.523271e-01	
26  293.673	7.210393e-01	9.712572e-01	6.961415e-01	1.321950e-01	
17  293.664	6.469577e-01	8.206655e-01	6.993808e-01	1.451720e-01	
8  293.825	5.033284e-01	8.377557e-01	7.006476e-01	1.511304e-01	
5  294.385	5.810992e-01	8.226176e-01	7.147787e-01	1.654915e-01	
32  293.14	6.645694e-01	8.382853e-01	7.026607e-01	1.455175e-01	
16  295.704	5.884069e-01	8.146640e-01	6.971810e-01	1.275250e-01	
3  293.144	7.201049e-01	8.695348e-01	7.128764e-01	1.484520e-01	
3  292.813	6.091373e-01	9.186300e-01	7.037859e-01	1.414122e-01	
1  295.717	6.504487e-01	9.861177e-01	6.944477e-01	1.149083e-01	
3  293.165	5.643042e-01	9.185019e-01	7.066873e-01	1.329998e-01	
9  292.678	6.266985e-01	9.043387e-01	7.048189e-01	1.380294e-01	
8  293.667	7.572213e-01	9.248677e-01	7.017080e-01	1.403570e-01	
1  293.963	7.983181e-01	8.146375e-01	7.214254e-01	1.518800e-01	
4  294.485	7.381314e-01	8.441831e-01	7.267903e-01	1.593725e-01	
14  294.834	8.735395e-01	9.204405e-01	7.056116e-01	1.295489e-01	
4  294.593	8.462641e-01	9.967698e-01	6.907411e-01	1.246043e-01	
13  293.695	7.235749e-01	9.786445e-01	6.920948e-01	1.251299e-01	
18  294.044	6.152694e-01	9.858670e-01	7.008076e-01	1.239898e-01	
24  293.833	7.138650e-01	9.613798e-01	6.891872e-01	1.252326e-01	
1  292.619	6.122739e-01	8.486382e-01	7.054415e-01	1.448932e-01	
2  293.034	7.133733e-01	8.890385e-01	7.048704e-01	1.373309e-01	
8  293.261	7.390476e-01	8.769869e-01	7.113800e-01	1.424019e-01	
6  293.281	7.099038e-01	9.143872e-01	6.976094e-01	1.362086e-01	
1  293.259	6.655927e-01	8.761494e-01	7.009258e-01	1.436390e-01	
5  293.235	6.350665e-01	8.667857e-01	7.029837e-01	1.341761e-01	
2  294.477	5.497327e-01	8.733719e-01	6.943778e-01	1.445346e-01	
16  293.641	5.306703e-01	8.608751e-01	7.116280e-01	1.368214e-01	
2  292.784	5.793602e-01	9.386094e-01	7.035973e-01	1.395488e-01	
6  293.31	6.072324e-01	9.622165e-01	7.057093e-01	1.398861e-01	
21  292.878	6.189768e-01	8.278196e-01	7.130975e-01	1.554177e-01	
1  293.874	8.018050e-01	8.990675e-01	6.963037e-01	1.370125e-01	
4  292.963	6.637937e-01	8.734289e-01	7.051865e-01	1.457324e-01	
2  297.071	8.093650e-01	8.696280e-01	6.791098e-01	1.226479e-01	
10  296.381	8.601344e-01	8.657758e-01	6.831295e-01	1.214350e-01	
1  296.986	7.417015e-01	8.140537e-01	6.976862e-01	1.243790e-01	
3  295.93	7.322130e-01	8.139079e-01	6.949824e-01	1.266382e-01	
5  294.559	7.625169e-01	8.299784e-01	6.944514e-01	1.311346e-01	
3  294.021	8.875360e-01	8.705830e-01	6.976889e-01	1.372052e-01	
11  292.904	5.269228e-01	9.701817e-01	6.994006e-01	1.358097e-01	
6  293.038	6.037443e-01	9.607592e-01	6.974119e-01	1.338384e-01	
1  293.687	6.355648e-01	8.743068e-01	7.137452e-01	1.393126e-01	
1  297.276	8.733633e-01	9.182181e-01	7.242955e-01	1.432132e-01	
2  298.1	8.789565e-01	9.261023e-01	7.274947e-01	1.553748e-01	
8  296.649	9.385383e-01	9.139621e-01	7.211122e-01	1.458624e-01	
1  293.566	7.912056e-01	8.753060e-01	7.132100e-01	1.477786e-01	
4  292.949	6.244223e-01	8.895072e-01	7.075938e-01	1.372004e-01	
3  293.333	6.142642e-01	8.183288e-01	7.203580e-01	1.500537e-01	
7  293.702	6.980273e-01	8.470521e-01	7.216544e-01	1.580333e-01	
1  293.223	5.936694e-01	9.019442e-01	7.152315e-01	1.506509e-01	
5  293.338	6.417074e-01	8.771654e-01	7.167766e-01	1.538773e-01	
1  294.41	7.342915e-01	9.385682e-01	7.115396e-01	1.473372e-01	
10  295.544	5.896972e-01	8.912869e-01	7.312591e-01	1.586321e-01	
1  294.284	7.313210e-01	9.509003e-01	7.103879e-01	1.443761e-01	
13  293.587	6.114887e-01	8.881800e-01	6.944891e-01	1.387010e-01	
1  293.095	7.576064e-01	8.696354e-01	7.078466e-01	1.424743e-01	
1  295.248	9.047990e-01	9.114198e-01	7.049121e-01	1.457338e-01	
12  295.073	9.090196e-01	9.131948e-01	6.981558e-01	1.403402e-01	
4  294.635	8.346377e-01	8.373979e-01	7.092544e-01	1.556313e-01	
2  296.127	9.740049e-01	9.060591e-01	7.017402e-01	1.447809e-01	
5  294.706	9.424364e-01	9.093289e-01	6.925758e-01	1.252332e-01	
5  294.018	8.629089e-01	8.027955e-01	7.066777e-01	1.392038e-01	
3  293.562	8.422185e-01	8.262241e-01	7.030441e-01	1.415255e-01	
10  294.584	7.402452e-01	8.056159e-01	6.958164e-01	1.427735e-01	
2  295.499	7.403398e-01	8.633248e-01	7.184693e-01	1.640654e-01	
7  294.597	5.787367e-01	8.589091e-01	7.113816e-01	1.611654e-01	
7  292.967	5.423883e-01	9.002601e-01	7.164456e-01	1.463241e-01	
4  292.59	6.317253e-01	8.574707e-01	7.077217e-01	1.446282e-01	
1  295.77	8.397040e-01	9.823356e-01	7.032015e-01	1.230142e-01	
6  294.803	8.755388e-01	9.093971e-01	7.000599e-01	1.258330e-01	
1  293.717	8.158291e-01	8.138038e-01	7.198029e-01	1.533009e-01	
49  293.157	7.639879e-01	8.219412e-01	7.106827e-01	1.456296e-01	
14  294.09	5.499430e-01	8.179184e-01	7.065187e-01	1.583189e-01	
2  294.162	5.318947e-01	8.464462e-01	7.092747e-01	1.598465e-01	
16  293.674	6.136684e-01	8.385722e-01	7.256753e-01	1.567696e-01	
2  292.572	5.416320e-01	8.955534e-01	7.131542e-01	1.459109e-01	
8  292.396	5.210482e-01	8.662058e-01	7.028976e-01	1.435610e-01	
3  292.948	5.905909e-01	8.863233e-01	6.999790e-01	1.325642e-01	
6  293.318	6.284702e-01	8.331810e-01	6.993831e-01	1.372891e-01	
6  292.865	5.660994e-01	9.057536e-01	7.101735e-01	1.481259e-01	
3  293.192	5.827148e-01	9.234512e-01	6.990269e-01	1.407734e-01	
10  293.085	6.640487e-01	9.238523e-01	6.972609e-01	1.349187e-01	
12  292.609	5.482037e-01	8.114700e-01	7.085470e-01	1.448421e-01	
1  293.958	5.773863e-01	8.423072e-01	6.946840e-01	1.312721e-01	
8  294.161	5.272891e-01	8.023787e-01	6.991956e-01	1.347466e-01	
12  292.203	5.077467e-01	8.985399e-01	7.067674e-01	1.395876e-01	
6  293.976	8.291060e-01	8.851104e-01	7.068799e-01	1.345908e-01	
9  294.094	6.185713e-01	9.647878e-01	6.869451e-01	1.188932e-01	
4  293.329	7.098903e-01	9.285101e-01	7.050565e-01	1.342089e-01	
14  292.656	5.330297e-01	8.689910e-01	7.166893e-01	1.477226e-01	
1  294.116	8.652790e-01	8.649668e-01	7.156240e-01	1.493349e-01	
4  296.768	5.333547e-01	8.691760e-01	6.928729e-01	1.501442e-01	
8  293.133	6.087670e-01	9.195681e-01	7.007893e-01	1.415999e-01	
8  297.231	6.001067e-01	9.835827e-01	6.733687e-01	1.216656e-01	
7  294.946	6.177097e-01	9.332446e-01	6.815502e-01	1.210875e-01	
13  294.472	6.543463e-01	9.721331e-01	6.878365e-01	1.305049e-01	
1  295.13	5.941883e-01	9.471211e-01	6.913005e-01	1.393511e-01	
4  294.983	6.022847e-01	9.319250e-01	7.223254e-01	1.546767e-01	
10  297.15	8.242743e-01	8.269247e-01	7.332679e-01	1.534219e-01	
3  294.943	6.627964e-01	8.474209e-01	7.098245e-01	1.332171e-01	
3  295.083	6.171305e-01	8.208889e-01	7.093193e-01	1.339907e-01	
4  296.202	6.231913e-01	8.809721e-01	6.954652e-01	1.200836e-01	
1  298.234	6.796521e-01	8.642442e-01	6.900352e-01	1.154009e-01	
20  295.013	7.164332e-01	8.194956e-01	6.951022e-01	1.295606e-01	
4  295.732	8.442552e-01	8.165823e-01	6.884970e-01	1.306708e-01	
3  296.643	8.707500e-01	8.050970e-01	6.856362e-01	1.294198e-01	
6  294.299	9.601750e-01	8.499868e-01	6.981784e-01	1.335286e-01	
5  294.3	9.074063e-01	8.457473e-01	7.004143e-01	1.322586e-01	
6  293.221	6.363038e-01	9.485849e-01	7.046993e-01	1.401059e-01	
6  292.502	5.331529e-01	8.982867e-01	7.060043e-01	1.453028e-01	
14  292.68	6.301187e-01	8.237700e-01	7.131413e-01	1.483466e-01	
2  292.233	5.342681e-01	8.661540e-01	7.103071e-01	1.469073e-01	
3  293.224	6.124257e-01	8.816885e-01	6.983746e-01	1.312511e-01	
14  294.454	5.899730e-01	8.485260e-01	7.073745e-01	1.581982e-01	
12  293.557	5.538605e-01	9.716285e-01	7.037258e-01	1.411918e-01	
1  292.925	5.601562e-01	9.127337e-01	7.132099e-01	1.473237e-01	
2  293.312	5.452476e-01	9.282487e-01	6.976978e-01	1.407078e-01	
7  292.359	5.574604e-01	8.516448e-01	7.071660e-01	1.462974e-01	
26  292.651	6.048270e-01	8.160190e-01	7.077975e-01	1.479909e-01	
5  293.845	6.033740e-01	9.620846e-01	7.114242e-01	1.363284e-01	
19  295.331	5.016859e-01	9.489448e-01	7.252140e-01	1.514880e-01	
14  293.902	5.700291e-01	8.987780e-01	7.207388e-01	1.460819e-01	
10  293.649	5.791959e-01	8.124210e-01	7.280088e-01	1.589761e-01	
6  293.105	7.517419e-01	8.138944e-01	7.080901e-01	1.466351e-01	
29  292.496	5.542200e-01	8.401376e-01	7.168065e-01	1.529856e-01	
1  293.08	6.687698e-01	9.043734e-01	7.076888e-01	1.450686e-01	
2  293.603	8.144080e-01	8.759443e-01	7.094978e-01	1.396525e-01	
1  293.312	6.001994e-01	9.267932e-01	7.074233e-01	1.334295e-01	
6  293.041	7.382941e-01	8.460832e-01	7.052253e-01	1.423395e-01	
9  293.29	7.613848e-01	8.946769e-01	7.015378e-01	1.394605e-01	
1  294.511	6.121636e-01	9.769977e-01	6.885900e-01	1.321245e-01	
9  293.939	7.234312e-01	9.118313e-01	7.161360e-01	1.469975e-01	
8  292.599	5.891078e-01	8.099620e-01	7.091558e-01	1.494561e-01	
1  293.651	7.205981e-01	8.601060e-01	7.060375e-01	1.350945e-01	
11  293.619	7.920404e-01	8.939925e-01	7.023081e-01	1.419911e-01	
12  293.726	6.489725e-01	9.030226e-01	7.123958e-01	1.520949e-01	
2  294.464	7.129617e-01	8.392096e-01	6.989709e-01	1.301444e-01	
2  294.651	7.840149e-01	8.579911e-01	6.946424e-01	1.272120e-01	
1  295.388	9.335958e-01	8.221755e-01	7.028876e-01	1.300911e-01	
8  293.536	7.602468e-01	8.536972e-01	6.980724e-01	1.365286e-01	
3  293.467	6.700303e-01	9.751528e-01	6.988895e-01	1.270872e-01	
12  295.131	6.422522e-01	9.595356e-01	6.832109e-01	1.282555e-01	
3  297.553	9.488211e-01	9.187610e-01	6.787292e-01	1.117725e-01	
1  294.976	8.761524e-01	9.154570e-01	6.879831e-01	1.218386e-01	
2  296.537	9.416803e-01	9.068038e-01	6.977945e-01	1.197060e-01	
1  294.797	8.639223e-01	9.280497e-01	7.029279e-01	1.425462e-01	
5  296.634	7.450869e-01	9.273221e-01	7.056753e-01	1.227995e-01	
2  295.024	9.739054e-01	8.615433e-01	6.922174e-01	1.339002e-01	
4  294.882	8.372980e-01	8.186712e-01	6.940928e-01	1.403522e-01	
6  296.346	7.466314e-01	8.203575e-01	6.924303e-01	1.466721e-01	
4  296.141	9.008326e-01	8.959085e-01	7.132753e-01	1.545749e-01	
3  296.142	6.388126e-01	8.987521e-01	7.194773e-01	1.647965e-01	
6  296.189	5.725172e-01	8.343241e-01	7.224614e-01	1.749102e-01	
9  294.561	6.295471e-01	8.049864e-01	6.969761e-01	1.332296e-01	
5  293.299	6.275937e-01	8.070596e-01	7.052556e-01	1.405054e-01	
12  294.132	7.966770e-01	9.435350e-01	7.086381e-01	1.362982e-01	
5  293.689	6.494571e-01	9.796879e-01	6.927860e-01	1.311023e-01	
9  293.021	5.317185e-01	8.981296e-01	6.930341e-01	1.315444e-01	
13  292.974	5.658793e-01	9.663374e-01	7.019441e-01	1.368127e-01	
4  292.999	5.722583e-01	9.670718e-01	7.047660e-01	1.344977e-01	
2  295.532	7.214113e-01	8.162267e-01	7.299513e-01	1.730720e-01	
1  293.149	6.812766e-01	8.747993e-01	7.128349e-01	1.504406e-01	
8  293.631	6.000106e-01	8.997964e-01	6.902603e-01	1.301587e-01	
9  293.291	7.112105e-01	8.720801e-01	7.130623e-01	1.507673e-01	
15  293.093	6.022595e-01	8.208549e-01	7.144420e-01	1.450488e-01	
8  293.784	5.830016e-01	8.356179e-01	7.258712e-01	1.540969e-01	
4  295.694	9.836070e-01	8.038615e-01	7.260297e-01	1.612661e-01	
5  293.915	7.860945e-01	8.789356e-01	7.010006e-01	1.307667e-01	
1  293.778	5.805154e-01	9.200557e-01	7.179639e-01	1.440156e-01	
16  293.98	5.937882e-01	9.003389e-01	7.222829e-01	1.531196e-01	
21  294.019	5.841474e-01	9.026958e-01	7.204234e-01	1.453360e-01	
6  294.775	5.376989e-01	8.912847e-01	7.284523e-01	1.609421e-01	
2  293.434	6.168592e-01	9.914929e-01	7.013227e-01	1.336952e-01	
12  295.477	6.720517e-01	9.263855e-01	6.969433e-01	1.197620e-01	
1  296.434	8.920318e-01	9.106032e-01	7.118288e-01	1.300075e-01	
4  295.416	7.752701e-01	8.641242e-01	7.188718e-01	1.398088e-01	
4  294.557	8.591263e-01	8.978803e-01	7.141514e-01	1.404275e-01	
1  295.139	9.114720e-01	8.327930e-01	7.098053e-01	1.346702e-01	
5  294.21	6.560194e-01	9.095480e-01	6.965291e-01	1.243022e-01	
2  294.767	9.279410e-01	8.464154e-01	7.183897e-01	1.462791e-01	
1  294.289	8.434374e-01	8.747984e-01	7.156489e-01	1.430230e-01	
6  292.933	5.818825e-01	9.700188e-01	7.018284e-01	1.324668e-01	
3  293.164	7.075975e-01	9.237072e-01	7.007052e-01	1.373710e-01	
12  293.431	7.317300e-01	9.559749e-01	7.010796e-01	1.324547e-01	
3  292.979	6.469529e-01	8.666828e-01	7.006208e-01	1.361152e-01	
18  293.553	8.068923e-01	8.978046e-01	7.084945e-01	1.397890e-01	
1  293.43	6.676376e-01	8.376760e-01	7.220476e-01	1.542623e-01	
4  295.272	7.761546e-01	9.836861e-01	7.056975e-01	1.417248e-01	
1  294.441	7.820905e-01	9.801541e-01	7.061712e-01	1.329385e-01	
1  293.18	7.223348e-01	8.265678e-01	7.036415e-01	1.441558e-01	
4  294.282	9.823839e-01	8.611173e-01	7.013374e-01	1.346222e-01	
1  292.797	6.135024e-01	8.959860e-01	7.112175e-01	1.425665e-01	
3  292.858	6.332119e-01	9.028101e-01	7.104035e-01	1.442083e-01	
1  294.057	8.227277e-01	9.170991e-01	7.069526e-01	1.339126e-01	
2  293.841	8.131275e-01	8.929761e-01	6.985520e-01	1.298988e-01	
1  296.217	7.623079e-01	9.279688e-01	6.984671e-01	1.191385e-01	
6  295.866	8.760434e-01	9.413771e-01	7.167626e-01	1.413338e-01	
26  293.363	7.740662e-01	8.715398e-01	7.110848e-01	1.475188e-01	
6  293.873	8.350046e-01	8.113637e-01	7.205826e-01	1.563183e-01	
9  293.232	6.419196e-01	9.264430e-01	7.084213e-01	1.361647e-01	
4  292.954	6.319796e-01	9.378461e-01	7.043651e-01	1.346373e-01	
2  295.049	5.582898e-01	8.686853e-01	7.316339e-01	1.651339e-01	
1  293.719	5.310176e-01	8.417788e-01	7.281921e-01	1.584194e-01	
1  293.652	6.331040e-01	9.048166e-01	7.182796e-01	1.475384e-01	
2  296.431	7.300314e-01	8.342511e-01	7.265697e-01	1.737062e-01	
5  295.908	9.546140e-01	9.217416e-01	7.072345e-01	1.454985e-01	
3  295.716	8.290011e-01	8.089543e-01	7.263884e-01	1.492456e-01	
3  297.958	6.450994e-01	8.580090e-01	7.374796e-01	1.785725e-01	
25  295.74	5.245723e-01	9.454991e-01	7.268524e-01	1.535524e-01	
2  294.819	6.967146e-01	8.529535e-01	7.278820e-01	1.637431e-01	
1  297.121	8.059674e-01	9.430188e-01	7.007859e-01	1.489896e-01	
7  294.916	7.407984e-01	8.786019e-01	6.965522e-01	1.452768e-01	
15  295.05	8.909039e-01	8.569947e-01	6.906999e-01	1.347192e-01	
7  293.828	7.588891e-01	8.899119e-01	7.123280e-01	1.392295e-01	
1  294.196	5.611143e-01	9.207865e-01	7.055216e-01	1.278854e-01	
1  294.106	6.244571e-01	9.861155e-01	7.072956e-01	1.407049e-01	
6  294.276	7.308685e-01	9.850212e-01	7.054073e-01	1.304401e-01	
3  293.359	6.937470e-01	9.314042e-01	7.090134e-01	1.411694e-01	
18  293.321	5.481757e-01	9.286408e-01	7.120277e-01	1.373318e-01	
3  292.878	6.126879e-01	8.460475e-01	7.011307e-01	1.398058e-01	
14  295.302	6.444569e-01	9.741299e-01	6.794708e-01	1.222670e-01	
2  294.592	9.225551e-01	8.954241e-01	7.119268e-01	1.412895e-01	
2  294.31	9.564876e-01	8.836391e-01	6.984298e-01	1.355321e-01	
5  295.067	8.566573e-01	8.420656e-01	7.089913e-01	1.561020e-01	
2  294.917	6.167211e-01	9.311681e-01	6.898140e-01	1.375640e-01	
5  294.711	7.666654e-01	8.750201e-01	7.046685e-01	1.295607e-01	
18  295.773	6.114723e-01	8.469339e-01	6.878650e-01	1.235811e-01	
12  294.875	7.154949e-01	8.018712e-01	6.990808e-01	1.323804e-01	
5  292.948	5.639769e-01	9.596104e-01	7.056369e-01	1.347111e-01	
16  292.095	5.016965e-01	8.417632e-01	7.101711e-01	1.475025e-01	
3  294.631	7.617743e-01	8.791059e-01	6.918159e-01	1.376182e-01	
23  293.421	7.836326e-01	8.002361e-01	7.178006e-01	1.520223e-01	
12  293.516	6.470211e-01	8.066691e-01	7.187229e-01	1.481992e-01	
3  294.075	7.582798e-01	8.691126e-01	7.006374e-01	1.301685e-01	
6  295.938	7.479315e-01	8.508462e-01	6.864358e-01	1.234532e-01	
1  294.025	6.373660e-01	8.620182e-01	6.949512e-01	1.288253e-01	
1  294.239	8.973716e-01	9.095569e-01	6.984917e-01	1.285659e-01	
2  294.507	9.776880e-01	8.921733e-01	7.041180e-01	1.343566e-01	
1  295.47	8.084234e-01	9.187920e-01	7.065108e-01	1.501641e-01	
3  294.091	8.139296e-01	9.299729e-01	6.925219e-01	1.313393e-01	
1  294.015	8.030050e-01	8.974455e-01	7.131768e-01	1.409074e-01	
2  294.656	7.089270e-01	9.767878e-01	7.114622e-01	1.355061e-01	
6  294.753	7.969368e-01	9.945118e-01	7.051276e-01	1.308248e-01	
2  293.872	6.396493e-01	9.714707e-01	7.087811e-01	1.340295e-01	
10  293.14	5.482637e-01	9.946603e-01	6.965442e-01	1.314564e-01	
1  293.705	7.425989e-01	9.769289e-01	6.940467e-01	1.279019e-01	
5  294.062	7.644746e-01	9.907414e-01	6.975667e-01	1.252991e-01	
1  293.877	8.716483e-01	8.255233e-01	7.008179e-01	1.374977e-01	
1  293.869	6.664083e-01	8.352109e-01	6.951155e-01	1.358597e-01	
15  293.671	5.947898e-01	9.205744e-01	6.892341e-01	1.252346e-01	
1  294.134	7.010432e-01	9.176936e-01	6.930785e-01	1.236121e-01	
11  293.287	7.047698e-01	9.185701e-01	6.959579e-01	1.334867e-01	
1  294.595	7.200414e-01	9.319822e-01	6.907669e-01	1.353356e-01	
4  293.44	6.284602e-01	8.075906e-01	7.013150e-01	1.397856e-01	
8  293.05	6.863890e-01	8.898336e-01	7.039024e-01	1.355271e-01	
7  294.201	7.864272e-01	9.040897e-01	7.045279e-01	1.303324e-01	
5  293.628	8.021943e-01	8.901876e-01	7.101572e-01	1.455454e-01	
2  294.522	8.953584e-01	9.049054e-01	7.005313e-01	1.408199e-01	
4  294.721	9.765581e-01	8.805952e-01	7.109307e-01	1.417705e-01	
9  294.998	6.536276e-01	8.356694e-01	6.963889e-01	1.481940e-01	
9  293.667	5.794583e-01	8.021959e-01	6.985369e-01	1.429790e-01	
3  293.304	5.096982e-01	8.718790e-01	7.063020e-01	1.528613e-01	
3  294.816	5.907934e-01	9.284147e-01	7.146813e-01	1.557401e-01	
5  294.321	5.666281e-01	8.449875e-01	7.300404e-01	1.657044e-01	
3  293.787	5.667843e-01	8.029428e-01	7.242485e-01	1.696772e-01	
4  293.623	6.453813e-01	8.622403e-01	7.025084e-01	1.486397e-01	
4  292.472	5.153051e-01	8.369734e-01	7.142253e-01	1.462319e-01	
26  292.856	6.336802e-01	8.180521e-01	7.097426e-01	1.443520e-01	
13  293.397	5.444615e-01	8.139675e-01	7.016662e-01	1.373883e-01	
15  295.002	7.542815e-01	8.339018e-01	6.898272e-01	1.331833e-01	
3  293.973	5.403798e-01	8.158217e-01	6.977905e-01	1.471301e-01	
10  296.117	5.254022e-01	8.867553e-01	6.793132e-01	1.254674e-01	
4  293.907	6.083917e-01	8.768588e-01	6.916673e-01	1.360969e-01	
6  293.134	6.248910e-01	9.094698e-01	6.947972e-01	1.303213e-01	
5  293.068	6.390779e-01	9.565574e-01	6.965720e-01	1.291851e-01	
10  293.071	6.465365e-01	9.421166e-01	7.046102e-01	1.344059e-01	
3  292.952	5.158768e-01	8.366085e-01	7.230093e-01	1.540529e-01	
7  293.523	6.662119e-01	8.256650e-01	7.219317e-01	1.522108e-01	
7  292.977	7.070084e-01	8.806575e-01	7.020183e-01	1.385495e-01	
11  297.038	7.867505e-01	8.595197e-01	6.825306e-01	1.332596e-01	
6  295.979	7.467148e-01	8.074870e-01	6.877956e-01	1.318726e-01	
7  296.541	6.639834e-01	8.664548e-01	6.812939e-01	1.297249e-01	
5  293.123	7.003043e-01	9.047836e-01	7.039619e-01	1.419614e-01	
2  294.122	5.079371e-01	8.561671e-01	6.936236e-01	1.276913e-01	
9  294.04	6.374389e-01	9.499410e-01	6.910887e-01	1.206125e-01	
3  294.799	5.526243e-01	9.481350e-01	7.191094e-01	1.531325e-01	
2  294.315	6.773559e-01	8.764784e-01	7.095269e-01	1.554887e-01	
5  294.158	8.605731e-01	9.088983e-01	7.000065e-01	1.394754e-01	
4  294.452	8.274029e-01	8.397370e-01	7.099053e-01	1.552956e-01	
4  294.633	8.083401e-01	8.549675e-01	6.925572e-01	1.374819e-01	
2  294.512	6.834891e-01	8.492689e-01	6.949846e-01	1.282015e-01	
1  293.968	5.843706e-01	8.899648e-01	6.944575e-01	1.255431e-01	
5  294.105	5.488490e-01	8.380786e-01	6.954375e-01	1.304355e-01	
14  294.219	5.316339e-01	8.566708e-01	6.893382e-01	1.334014e-01	
5  294.531	6.218411e-01	8.030520e-01	7.055456e-01	1.582670e-01	
4  294.75	6.076090e-01	8.453684e-01	6.924206e-01	1.271977e-01	
3  293.3	6.590691e-01	9.123842e-01	7.031177e-01	1.435900e-01	
4  292.928	5.575074e-01	8.800574e-01	6.960171e-01	1.339003e-01	
6  296.675	8.167012e-01	8.760916e-01	7.245528e-01	1.427925e-01	
10  293.806	8.300574e-01	8.380510e-01	7.149082e-01	1.447701e-01	
8  294.204	7.542786e-01	8.849683e-01	7.060473e-01	1.317512e-01	
4  293.988	7.147905e-01	8.833355e-01	7.182133e-01	1.449434e-01	
5  293.795	6.151901e-01	8.624891e-01	6.925401e-01	1.320362e-01	
2  294.146	8.470173e-01	8.011447e-01	6.996586e-01	1.381534e-01	
9  294.674	8.472187e-01	8.042295e-01	7.025899e-01	1.340254e-01	
3  293.716	7.686402e-01	9.477830e-01	6.935462e-01	1.270358e-01	
3  294.022	7.629096e-01	9.806359e-01	7.027810e-01	1.312867e-01	
2  295.851	6.325286e-01	8.490914e-01	7.299906e-01	1.726194e-01	
6  298.238	9.797439e-01	8.708880e-01	7.305899e-01	1.583409e-01	
4  296.726	8.790862e-01	8.823160e-01	7.279358e-01	1.518973e-01	
5  293.353	7.433274e-01	9.210916e-01	7.026704e-01	1.393889e-01	
6  293.468	5.047269e-01	8.205770e-01	7.267433e-01	1.676219e-01	
16  295.845	5.078916e-01	8.441756e-01	7.328477e-01	1.765810e-01	
3  293.338	5.846064e-01	8.755659e-01	7.200500e-01	1.490027e-01	
3  293.911	6.837756e-01	8.165628e-01	7.089685e-01	1.383903e-01	
2  294.868	6.440764e-01	8.152473e-01	7.307070e-01	1.722248e-01	
3  294.776	6.017114e-01	9.329997e-01	7.153413e-01	1.548036e-01	
14  293.757	6.614321e-01	9.663905e-01	7.091671e-01	1.373025e-01	
5  294.728	7.689048e-01	8.152812e-01	6.988248e-01	1.483887e-01	
2  294.367	7.396835e-01	8.619348e-01	7.166108e-01	1.589864e-01	
3  294.597	6.323893e-01	9.716333e-01	7.128840e-01	1.458662e-01	
4  293.584	6.723247e-01	9.744738e-01	6.958874e-01	1.243761e-01	
4  294.383	5.730209e-01	9.066676e-01	6.853838e-01	1.281108e-01	
7  294.488	7.352079e-01	9.608211e-01	6.929705e-01	1.349729e-01	
1  294.286	8.296609e-01	8.303395e-01	7.226607e-01	1.572203e-01	
2  294.228	5.734527e-01	8.182951e-01	7.119981e-01	1.632577e-01	
4  295.317	5.245989e-01	8.790559e-01	7.161524e-01	1.652736e-01	
16  295.438	5.662529e-01	8.398140e-01	7.119204e-01	1.657803e-01	
10  296.697	7.381697e-01	9.745415e-01	6.749513e-01	1.193194e-01	
8  293.948	8.711870e-01	8.918455e-01	6.978663e-01	1.365052e-01	
3  292.515	5.252803e-01	8.149236e-01	7.059597e-01	1.478897e-01	
1  294.584	7.172198e-01	8.720537e-01	7.251537e-01	1.544707e-01	
5  296.796	6.721271e-01	8.196833e-01	7.238069e-01	1.415479e-01	
2  295.103	6.784410e-01	8.452738e-01	7.318530e-01	1.622804e-01	
1  296.886	6.494214e-01	9.281386e-01	7.303739e-01	1.597084e-01	
1  294.918	5.851640e-01	9.456881e-01	7.204628e-01	1.427151e-01	
11  294.379	6.108676e-01	8.591205e-01	7.247960e-01	1.645567e-01	
5  293.956	5.671375e-01	8.376658e-01	7.291490e-01	1.599031e-01	
2  295.022	5.787808e-01	8.646096e-01	7.317505e-01	1.644448e-01	
4  294.153	5.050461e-01	8.223363e-01	7.217549e-01	1.458270e-01	
2  293.865	5.962626e-01	9.223237e-01	7.160874e-01	1.517857e-01	
2  293.346	6.014040e-01	8.795994e-01	7.200032e-01	1.510021e-01	
8  292.953	6.080082e-01	8.162251e-01	7.213815e-01	1.590614e-01	
13  294.265	8.615969e-01	8.949891e-01	7.124269e-01	1.464402e-01	
1  295.259	7.447775e-01	8.735500e-01	7.176074e-01	1.615409e-01	
1  294.428	8.550374e-01	8.771640e-01	7.012116e-01	1.449281e-01	
3  292.797	6.646301e-01	8.683429e-01	7.043592e-01	1.428407e-01	
7  292.291	5.222392e-01	8.930809e-01	7.038610e-01	1.420788e-01	
5  292.496	5.323662e-01	8.699979e-01	7.042161e-01	1.457719e-01	
1  293.439	7.088713e-01	8.992307e-01	7.020149e-01	1.431980e-01	
8  292.59	5.463615e-01	8.950411e-01	7.128284e-01	1.472974e-01	
3  293.45	6.129061e-01	9.349825e-01	7.000270e-01	1.271500e-01	
2  294.721	5.070651e-01	9.529394e-01	7.093284e-01	1.279279e-01	
2  293.218	5.732371e-01	9.421751e-01	7.091713e-01	1.355304e-01	
13  295.211	5.703466e-01	9.395407e-01	7.221191e-01	1.429014e-01	
4  294.709	7.843005e-01	9.764446e-01	6.918747e-01	1.321892e-01	
17  294.662	5.766755e-01	9.930640e-01	6.835895e-01	1.265103e-01	
1  294.763	6.795792e-01	9.225895e-01	7.209683e-01	1.521888e-01	
6  293.63	8.433229e-01	8.155025e-01	7.128865e-01	1.450645e-01	
11  293.35	6.772328e-01	8.041040e-01	7.125742e-01	1.579943e-01	
10  292.898	5.020148e-01	8.433097e-01	7.231474e-01	1.596549e-01	
8  292.977	5.637731e-01	8.665234e-01	7.182306e-01	1.553862e-01	
4  294.027	7.889873e-01	9.603896e-01	7.025136e-01	1.367731e-01	
4  294.06	7.345338e-01	9.870783e-01	6.979927e-01	1.242496e-01	
11  295.415	9.344079e-01	9.839351e-01	7.006662e-01	1.258643e-01	
1  295.381	7.754242e-01	9.445625e-01	7.177752e-01	1.480982e-01	
2  294.638	5.884616e-01	8.488912e-01	7.313651e-01	1.643898e-01	
12  292.704	5.526052e-01	8.814685e-01	7.024134e-01	1.345860e-01	
7  293.557	7.218741e-01	9.322154e-01	7.089879e-01	1.377070e-01	
4  295.575	7.753711e-01	9.933829e-01	7.046069e-01	1.240003e-01	
1  294.788	9.186566e-01	9.261844e-01	6.892291e-01	1.241253e-01	
3  294.146	7.571202e-01	9.106438e-01	6.896381e-01	1.289273e-01	
4  294.456	6.591631e-01	9.449669e-01	7.088771e-01	1.304323e-01	
5  293.945	7.038545e-01	9.146016e-01	7.144415e-01	1.496444e-01	
17  293.572	7.185818e-01	9.302165e-01	7.100660e-01	1.391019e-01	
11  293.824	6.508576e-01	8.428473e-01	7.067073e-01	1.543657e-01	
5  294.249	8.951188e-01	8.094465e-01	7.088938e-01	1.389007e-01	
4  298.407	9.542487e-01	8.462783e-01	6.807488e-01	1.330790e-01	
8  296.648	9.810444e-01	9.743251e-01	6.903804e-01	1.137602e-01	
1  294.187	8.899099e-01	8.799380e-01	6.988138e-01	1.299375e-01	
11  294.912	8.861052e-01	9.086935e-01	7.048309e-01	1.454039e-01	
32  292.886	6.181647e-01	9.007781e-01	7.120757e-01	1.455324e-01	
16  293.066	6.597458e-01	9.027070e-01	6.978959e-01	1.322161e-01	
2  295.778	7.026850e-01	9.421881e-01	7.011795e-01	1.208783e-01	
1  293.81	7.697675e-01	8.261550e-01	7.130204e-01	1.419236e-01	
1  293.04	7.135746e-01	8.424409e-01	7.144448e-01	1.482862e-01	
17  292.984	6.355221e-01	9.098900e-01	7.112985e-01	1.438598e-01	
14  293.968	7.515570e-01	8.106750e-01	7.219883e-01	1.511915e-01	
3  293.646	8.021531e-01	8.808141e-01	7.122368e-01	1.471673e-01	
3  294.883	8.211196e-01	8.951573e-01	7.198845e-01	1.466335e-01	
1  294.799	7.003505e-01	9.793124e-01	6.834206e-01	1.246035e-01	
15  293.664	8.003296e-01	9.261891e-01	6.957848e-01	1.310173e-01	
4  294.057	7.625832e-01	8.171359e-01	7.252103e-01	1.577735e-01	
13  293.856	5.484416e-01	9.691181e-01	7.102088e-01	1.332113e-01	
1  293.567	6.094287e-01	8.903146e-01	7.202472e-01	1.516795e-01	
15  295.076	5.703263e-01	8.116220e-01	7.360342e-01	1.638731e-01	
4  296.045	9.059877e-01	8.974217e-01	7.192426e-01	1.538999e-01	
3  294.163	8.498833e-01	8.173947e-01	6.981930e-01	1.411217e-01	
7  293.698	6.223659e-01	8.202498e-01	7.056949e-01	1.543108e-01	
16  292.685	5.706562e-01	8.488943e-01	7.175547e-01	1.541564e-01	
9  296.511	5.628830e-01	8.354852e-01	7.404919e-01	1.658259e-01	
3  295.653	7.856707e-01	8.465076e-01	7.282254e-01	1.662096e-01	
12  295.357	7.229451e-01	8.110143e-01	7.338867e-01	1.706742e-01	
1  294.557	8.818814e-01	9.487621e-01	6.897608e-01	1.255974e-01	
9  295.575	8.352411e-01	9.966648e-01	6.927482e-01	1.327629e-01	
2  294.234	6.880732e-01	8.280762e-01	7.022482e-01	1.515729e-01	
16  294.051	7.394417e-01	8.757497e-01	6.918945e-01	1.318511e-01	
13  293.985	8.423214e-01	8.261063e-01	6.981571e-01	1.375696e-01	
1  293.455	7.715941e-01	8.496481e-01	7.000032e-01	1.370992e-01	
11  293.38	6.348236e-01	8.757193e-01	7.005646e-01	1.317579e-01	
4  295.972	5.567392e-01	8.341498e-01	6.849385e-01	1.267797e-01	
4  296.022	8.537130e-01	8.522182e-01	6.871891e-01	1.225886e-01	
1  296.03	9.403762e-01	9.576951e-01	7.072255e-01	1.410035e-01	
1  295.905	7.697826e-01	9.251298e-01	7.165700e-01	1.557383e-01	
11  294.602	8.302029e-01	8.753780e-01	7.201756e-01	1.520425e-01	
10  294.026	6.826786e-01	9.247586e-01	7.131725e-01	1.495124e-01	
5  294.092	6.964603e-01	8.473815e-01	7.245620e-01	1.536493e-01	
2  294.135	6.418649e-01	8.448549e-01	7.046864e-01	1.538890e-01	
3  293.393	5.883470e-01	8.198786e-01	7.113472e-01	1.588375e-01	
6  292.48	5.123380e-01	8.651059e-01	7.119863e-01	1.524819e-01	
5  295.621	5.769527e-01	8.064852e-01	7.395057e-01	1.757988e-01	
6  294.881	6.153604e-01	8.380495e-01	7.302081e-01	1.696812e-01	
1  293.34	6.348251e-01	8.845281e-01	7.157907e-01	1.530522e-01	
10  294.915	8.263903e-01	9.473870e-01	7.094718e-01	1.441273e-01	
3  295.177	7.982183e-01	9.906665e-01	7.080733e-01	1.382345e-01	
3  294.543	7.058312e-01	9.258437e-01	7.188921e-01	1.489989e-01	
1  295.614	6.522758e-01	8.923840e-01	7.274941e-01	1.632841e-01	
7  296.819	5.261143e-01	8.813906e-01	7.208462e-01	1.714842e-01	
4  293.871	5.553172e-01	9.569203e-01	6.960177e-01	1.392369e-01	
2  293.058	6.482020e-01	9.050325e-01	7.100721e-01	1.463645e-01	
23  293.145	6.863052e-01	9.288094e-01	7.067732e-01	1.381911e-01	
1  294.939	6.702560e-01	9.402288e-01	7.133237e-01	1.334398e-01	
2  295.374	7.411779e-01	8.883185e-01	7.106837e-01	1.312060e-01	
4  294.938	7.817595e-01	8.687146e-01	7.145121e-01	1.584958e-01	
17  293.542	5.916840e-01	8.663143e-01	7.203966e-01	1.475593e-01	
2  292.465	5.573605e-01	8.217490e-01	7.131783e-01	1.480285e-01	
17  293.139	6.418590e-01	9.023176e-01	7.111682e-01	1.480919e-01	
3  293.82	7.153375e-01	8.918542e-01	7.010024e-01	1.448838e-01	
7  293.244	5.835981e-01	9.996699e-01	6.970110e-01	1.301251e-01	
4  296.2	7.073086e-01	9.198608e-01	7.184626e-01	1.600416e-01	
1  293.33	7.008479e-01	8.296607e-01	7.158921e-01	1.573158e-01	
4  294.547	6.718569e-01	9.920057e-01	7.046185e-01	1.403695e-01	
5  293.373	5.716651e-01	9.701996e-01	6.888750e-01	1.265910e-01	
11  293.286	6.281886e-01	9.474111e-01	6.918031e-01	1.286904e-01	
7  294.424	8.554498e-01	8.280515e-01	6.954705e-01	1.387264e-01	
2  295.102	5.722407e-01	8.865858e-01	6.833473e-01	1.266404e-01	
1  294.345	7.096345e-01	9.835375e-01	6.846457e-01	1.208534e-01	
2  295.174	6.723328e-01	9.571979e-01	6.822457e-01	1.156429e-01	
2  295.219	8.099457e-01	8.712831e-01	7.028156e-01	1.272761e-01	
5  295.418	7.657050e-01	9.543455e-01	6.973361e-01	1.194485e-01	
4  295.705	8.373445e-01	9.962206e-01	6.968108e-01	1.180206e-01	
2  292.344	5.000355e-01	9.047154e-01	7.093273e-01	1.457542e-01	
4  293.546	6.291476e-01	9.817543e-01	6.901976e-01	1.273448e-01	
10  293.361	6.086789e-01	8.861551e-01	6.935026e-01	1.341574e-01	
16  293.434	6.721922e-01	8.413684e-01	6.978133e-01	1.379553e-01	
6  294.875	8.053717e-01	8.872205e-01	7.105490e-01	1.332915e-01	
8  292.528	5.544663e-01	8.829894e-01	7.129664e-01	1.451693e-01	
4  294.231	5.715579e-01	9.875476e-01	7.124858e-01	1.391885e-01	
9  295.438	5.163387e-01	9.272091e-01	7.281647e-01	1.551417e-01	
2  294.368	5.722874e-01	8.899384e-01	7.214063e-01	1.440523e-01	
2  294.966	6.204754e-01	9.274073e-01	7.208649e-01	1.558601e-01	
1  294.202	5.862614e-01	9.285954e-01	6.897137e-01	1.350713e-01	
14  293.212	7.071904e-01	9.378783e-01	6.990683e-01	1.344951e-01	
1  294.791	7.217498e-01	8.522324e-01	6.984638e-01	1.483246e-01	
5  293.562	7.247719e-01	8.450260e-01	7.193557e-01	1.499005e-01	
10  293.881	8.306332e-01	8.666442e-01	6.960277e-01	1.344214e-01	
1  294.7	6.212553e-01	8.109881e-01	6.936531e-01	1.420727e-01	
2  292.706	5.831178e-01	8.682820e-01	7.051281e-01	1.375159e-01	
8  293.322	5.828393e-01	9.657765e-01	6.933587e-01	1.231646e-01	
3  292.986	5.462467e-01	9.142569e-01	6.936149e-01	1.338080e-01	
14  293.783	6.050715e-01	9.766586e-01	6.865091e-01	1.248586e-01	
2  293.95	6.946999e-01	9.347366e-01	7.047248e-01	1.448212e-01	
6  293.82	8.646634e-01	8.322821e-01	7.116715e-01	1.516670e-01	
22  293.145	7.080383e-01	8.447308e-01	7.043485e-01	1.461630e-01	
4  294.163	8.168536e-01	8.799315e-01	7.053326e-01	1.323743e-01	
2  293.793	7.527973e-01	8.119021e-01	6.992906e-01	1.407714e-01	
8  293.53	6.883531e-01	8.738756e-01	6.956145e-01	1.373566e-01	
9  294.461	8.495428e-01	9.534653e-01	6.891684e-01	1.258677e-01	
5  293.78	8.397421e-01	9.149377e-01	7.048208e-01	1.351676e-01	
3  294.843	9.829217e-01	8.998671e-01	7.074878e-01	1.400510e-01	
10  296.264	9.917498e-01	9.546134e-01	6.863854e-01	1.274896e-01	
5  294.712	8.258616e-01	9.350515e-01	6.882353e-01	1.293617e-01	
6  293.372	5.932753e-01	8.728598e-01	7.059644e-01	1.510762e-01	
9  293.263	5.001520e-01	9.086907e-01	7.000412e-01	1.449994e-01	
5  294.253	6.022724e-01	9.250975e-01	7.190410e-01	1.433030e-01	
4  293.65	7.512500e-01	9.253258e-01	6.948251e-01	1.336387e-01	
9  293.092	6.559559e-01	8.650835e-01	7.015733e-01	1.437825e-01	
8  293.708	5.797626e-01	9.114999e-01	7.095060e-01	1.515932e-01	
1  293.631	5.711053e-01	8.752071e-01	6.980607e-01	1.289527e-01	
9  295.049	9.895952e-01	8.854928e-01	6.920138e-01	1.320274e-01	
2  295.066	6.894597e-01	9.994114e-01	6.795034e-01	1.151417e-01	
5  293.888	7.192249e-01	9.814105e-01	6.966301e-01	1.239666e-01	
5  294.238	6.614301e-01	9.511118e-01	7.077451e-01	1.302497e-01	
2  293.407	7.627740e-01	8.441132e-01	7.011255e-01	1.419799e-01	
9  294.19	5.391424e-01	8.356231e-01	7.086815e-01	1.600080e-01	
6  293.309	7.785433e-01	8.245715e-01	7.075217e-01	1.487857e-01	
5  294.237	5.058375e-01	9.445612e-01	6.835210e-01	1.269117e-01	
1  295.262	5.931789e-01	8.436108e-01	6.897609e-01	1.404410e-01	
2  294.589	5.360537e-01	8.564523e-01	7.085110e-01	1.319837e-01	
13  293.218	5.282517e-01	8.392064e-01	7.141494e-01	1.417908e-01	
1  293.531	8.221089e-01	8.885639e-01	7.004353e-01	1.344177e-01	
12  293.482	8.066759e-01	8.175055e-01	7.083686e-01	1.419833e-01	
14  293.383	8.016740e-01	8.210042e-01	7.045619e-01	1.428793e-01	
1  294.073	6.253845e-01	8.689380e-01	6.945513e-01	1.275997e-01	
7  293.784	7.714691e-01	8.194873e-01	7.001412e-01	1.373288e-01	
10  293.737	5.921763e-01	8.510312e-01	6.994566e-01	1.313355e-01	
16  293.732	5.630505e-01	8.718400e-01	7.220694e-01	1.481579e-01	
9  293.567	6.709218e-01	8.800670e-01	7.129610e-01	1.396075e-01	
2  294.417	6.691030e-01	8.628226e-01	6.929708e-01	1.402041e-01	
1  292.436	5.748081e-01	8.884961e-01	7.073295e-01	1.408668e-01	
9  295.218	8.571732e-01	9.803310e-01	7.077656e-01	1.337591e-01	
4  294.518	6.947941e-01	9.298137e-01	6.850136e-01	1.248357e-01	
2  294.465	8.306155e-01	9.221202e-01	7.075006e-01	1.451251e-01	
3  295.374	8.628890e-01	8.893450e-01	7.215437e-01	1.518900e-01	
4  294.094	8.537256e-01	9.095906e-01	6.973828e-01	1.369395e-01	
2  294.129	9.397785e-01	8.245321e-01	7.010807e-01	1.417808e-01	
2  294.235	9.901565e-01	8.388932e-01	7.087890e-01	1.414386e-01	
4  294.111	9.427730e-01	8.590347e-01	7.017693e-01	1.403842e-01	
12  293.503	8.136901e-01	8.118791e-01	7.099044e-01	1.433742e-01	
5  293.159	5.804552e-01	9.572111e-01	6.909163e-01	1.270661e-01	
4  294.236	5.475644e-01	9.946709e-01	6.846384e-01	1.147366e-01	
1  296.315	6.453862e-01	9.125332e-01	6.777389e-01	1.204411e-01	
3  294.611	7.404268e-01	9.782071e-01	7.000238e-01	1.230353e-01	
2  294.834	7.083649e-01	9.406440e-01	6.844090e-01	1.190865e-01	
4  294.356	6.742734e-01	9.217254e-01	6.937718e-01	1.392528e-01	
5  292.751	5.878167e-01	8.037377e-01	7.080864e-01	1.458985e-01	
6  294.417	7.698371e-01	8.321960e-01	7.212825e-01	1.474160e-01	
7  294.622	8.764889e-01	9.578091e-01	6.889221e-01	1.230053e-01	
7  294.691	9.170346e-01	9.382078e-01	7.043229e-01	1.313975e-01	
3  294.155	8.379511e-01	8.783197e-01	7.048102e-01	1.468853e-01	
14  293.721	7.812325e-01	8.907604e-01	7.133635e-01	1.473438e-01	
3  293.271	6.347795e-01	8.823719e-01	7.052928e-01	1.341038e-01	
1  294.287	6.969717e-01	8.936644e-01	7.012443e-01	1.275058e-01	
2  293.135	5.059095e-01	8.875088e-01	6.931931e-01	1.359289e-01	
1  292.954	6.592828e-01	8.213207e-01	7.076542e-01	1.430440e-01	
1  292.792	5.849549e-01	8.481103e-01	7.020253e-01	1.385062e-01	
6  293.353	7.847913e-01	8.781877e-01	7.086312e-01	1.452144e-01	
1  294.783	7.562415e-01	8.776133e-01	7.220817e-01	1.468556e-01	
1  294.353	6.243849e-01	9.065960e-01	7.187778e-01	1.417125e-01	
9  294.016	5.972013e-01	8.154356e-01	7.124110e-01	1.396037e-01	
17  293.334	5.996227e-01	8.799050e-01	7.191611e-01	1.482306e-01	
8  293.232	6.453485e-01	8.172423e-01	7.227976e-01	1.571196e-01	
16  293.244	5.532170e-01	9.105902e-01	6.971516e-01	1.272837e-01	
5  293.106	5.472995e-01	8.664253e-01	6.981469e-01	1.425779e-01	
6  293.115	7.383919e-01	8.396601e-01	7.057936e-01	1.461352e-01	
9  292.898	6.261713e-01	8.704170e-01	7.113978e-01	1.507531e-01	
2  293.845	7.176720e-01	8.442841e-01	7.229961e-01	1.544849e-01	
1  294.259	7.445470e-01	8.174753e-01	7.044258e-01	1.532171e-01	
13  292.322	5.314831e-01	8.260793e-01	7.155972e-01	1.538007e-01	
5  293.439	6.389923e-01	8.570471e-01	7.134853e-01	1.564872e-01	
17  292.731	5.217940e-01	8.722403e-01	7.185158e-01	1.515094e-01	
2  295.655	5.243051e-01	9.564626e-01	7.220292e-01	1.405404e-01	
5  293.278	5.919912e-01	9.348794e-01	7.123835e-01	1.405982e-01	
6  292.933	6.785306e-01	8.985775e-01	7.030151e-01	1.407799e-01	
1  295.31	6.962823e-01	8.141842e-01	7.237187e-01	1.719442e-01	
14  296.29	6.516079e-01	8.973496e-01	7.323198e-01	1.593467e-01	
1  293.605	6.717714e-01	8.039469e-01	7.262322e-01	1.611322e-01	
2  292.312	5.316015e-01	8.956127e-01	7.092427e-01	1.438281e-01	
1  293.743	5.748234e-01	8.863719e-01	7.221732e-01	1.497145e-01	
19  292.851	6.427126e-01	8.421847e-01	7.134051e-01	1.532349e-01	
14  293.987	7.287773e-01	8.501037e-01	7.224828e-01	1.580140e-01	
14  292.167	5.103611e-01	8.529249e-01	7.125867e-01	1.475770e-01	
13  294.325	5.252730e-01	8.541217e-01	7.133560e-01	1.362972e-01	
30  292.82	5.185856e-01	8.122739e-01	7.190825e-01	1.501706e-01	
3  293.381	5.893230e-01	9.801651e-01	6.948946e-01	1.327325e-01	
13  293.771	6.866773e-01	8.554657e-01	7.222916e-01	1.569894e-01	
11  293.963	6.616199e-01	9.287565e-01	6.915193e-01	1.344896e-01	
2  292.698	5.349975e-01	9.329485e-01	6.975658e-01	1.364180e-01	
10  293.198	5.281602e-01	8.058023e-01	7.082386e-01	1.408292e-01	
11  294.713	5.330744e-01	9.300227e-01	7.006706e-01	1.225637e-01	
13  292.913	5.189479e-01	9.266583e-01	7.082984e-01	1.347968e-01	
13  293.609	6.325196e-01	8.625501e-01	7.151345e-01	1.414181e-01	
5  293.321	6.683436e-01	9.709160e-01	6.949678e-01	1.297169e-01	
4  293.933	8.946265e-01	8.560802e-01	7.022163e-01	1.346822e-01	
1  295.257	9.074574e-01	8.789389e-01	7.197956e-01	1.466695e-01	
6  296.494	8.242037e-01	8.264348e-01	7.313583e-01	1.531874e-01	
13  293.555	7.815120e-01	8.303797e-01	7.166064e-01	1.476282e-01	
2  294.91	8.200539e-01	9.700350e-01	6.879017e-01	1.283488e-01	
8  294.704	8.052870e-01	9.857077e-01	7.001737e-01	1.241698e-01	
4  294.469	6.943313e-01	9.443555e-01	7.005642e-01	1.240894e-01	
5  294.62	5.585037e-01	9.396115e-01	6.820035e-01	1.242571e-01	
1  295.015	8.112949e-01	9.570364e-01	6.978229e-01	1.391893e-01	
1  293.511	6.375642e-01	8.713221e-01	7.033882e-01	1.325650e-01	
4  297.17	6.234524e-01	8.217162e-01	6.827857e-01	1.245504e-01	
18  297.756	7.705123e-01	8.070504e-01	6.817628e-01	1.306222e-01	
2  298.573	5.704659e-01	8.190888e-01	6.807946e-01	1.199012e-01	
2  295.304	5.234403e-01	9.314432e-01	6.802389e-01	1.169209e-01	
8  298.056	6.460945e-01	8.530003e-01	6.798504e-01	1.170974e-01	
3  298.75	8.081198e-01	8.525764e-01	6.970674e-01	1.176256e-01	
1  298.98	7.404782e-01	9.036389e-01	6.863937e-01	1.100540e-01	
1  293.474	7.732983e-01	8.704733e-01	7.016072e-01	1.343003e-01	
4  293.3	6.676332e-01	8.341881e-01	7.146970e-01	1.444486e-01	
2  294.686	6.568968e-01	9.361377e-01	7.164889e-01	1.521765e-01	
1  295.425	7.303358e-01	9.451482e-01	7.146375e-01	1.517310e-01	
6  293.319	7.789110e-01	8.992530e-01	7.035546e-01	1.399484e-01	
11  293.544	6.246826e-01	8.306840e-01	7.024852e-01	1.355496e-01	
12  293.923	5.575361e-01	8.522161e-01	6.946363e-01	1.297029e-01	
17  295.156	5.125226e-01	8.050812e-01	6.939230e-01	1.303466e-01	
6  294.831	6.821232e-01	8.626328e-01	6.895158e-01	1.363850e-01	
4  294.175	8.188582e-01	9.030830e-01	6.918639e-01	1.270359e-01	
9  294.118	6.889994e-01	8.692615e-01	6.931243e-01	1.283726e-01	
4  294.174	8.298913e-01	8.247780e-01	7.073908e-01	1.531180e-01	
13  292.34	5.526193e-01	8.880412e-01	7.058252e-01	1.427512e-01	
1  293.057	6.128647e-01	8.221892e-01	7.017651e-01	1.414362e-01	
1  293.5	5.191720e-01	8.637907e-01	7.217328e-01	1.478193e-01	
12  293.234	5.838115e-01	8.719978e-01	7.130306e-01	1.401088e-01	
2  293.281	7.266756e-01	8.504792e-01	7.093098e-01	1.402283e-01	
4  293.946	8.670421e-01	8.355296e-01	6.990769e-01	1.401112e-01	
30  293.612	7.061138e-01	8.897006e-01	7.131071e-01	1.512505e-01	
8  293.481	8.617393e-01	8.177953e-01	7.080400e-01	1.453789e-01	
4  294.448	9.465144e-01	8.055834e-01	6.988186e-01	1.413062e-01	
7  295.341	7.195414e-01	9.511946e-01	6.826744e-01	1.270251e-01	
1  295.751	9.051375e-01	9.933293e-01	6.867364e-01	1.140196e-01	
4  295.591	6.735765e-01	9.169149e-01	6.873663e-01	1.170316e-01	
4  297.185	6.814267e-01	8.550035e-01	6.850113e-01	1.182218e-01	
4  293.413	6.425072e-01	9.844178e-01	6.914372e-01	1.248404e-01	
2  294.332	8.363956e-01	9.703439e-01	6.912010e-01	1.228498e-01	
9  293.581	7.714157e-01	8.970789e-01	7.120333e-01	1.430687e-01	
1  294.22	7.327517e-01	9.616255e-01	6.866420e-01	1.239752e-01	
5  294.07	8.145509e-01	9.785303e-01	6.967542e-01	1.275583e-01	
5  294.168	5.923204e-01	9.152915e-01	7.088113e-01	1.311383e-01	
2  294.38	6.066752e-01	8.848755e-01	7.236968e-01	1.483337e-01	
6  293.196	5.175551e-01	8.896591e-01	7.044702e-01	1.317718e-01	
6  294.182	6.594242e-01	8.065889e-01	7.109374e-01	1.391124e-01	
6  293.763	5.945714e-01	8.370657e-01	6.946334e-01	1.350340e-01	
10  293.821	8.747620e-01	8.803800e-01	6.984554e-01	1.347151e-01	
2  293.535	7.359379e-01	9.434872e-01	7.042609e-01	1.387203e-01	
5  294.081	7.686270e-01	8.758538e-01	7.184447e-01	1.534634e-01	
2  293.806	7.980700e-01	9.392523e-01	6.999479e-01	1.365072e-01	
4  293.367	6.596398e-01	9.846776e-01	6.987488e-01	1.289944e-01	
3  293.962	8.126728e-01	8.563857e-01	7.130334e-01	1.533323e-01	
7  293.797	5.765614e-01	9.491935e-01	6.940664e-01	1.373285e-01	
4  294.382	6.965488e-01	9.338982e-01	6.873713e-01	1.298134e-01	
2  293.621	7.683476e-01	9.416154e-01	7.033428e-01	1.376056e-01	
13  293.996	5.684175e-01	9.893320e-01	7.016421e-01	1.396699e-01	
20  292.503	5.138129e-01	9.147443e-01	7.092412e-01	1.451444e-01	
10  292.563	5.806562e-01	8.616925e-01	7.035413e-01	1.392774e-01	
53  292.815	5.481080e-01	8.180227e-01	7.056056e-01	1.504345e-01	
12  293.001	6.672060e-01	8.176133e-01	7.046940e-01	1.443482e-01	
4  294.057	5.187900e-01	8.421917e-01	7.028899e-01	1.314811e-01	
3  294.84	6.906759e-01	9.022804e-01	6.895539e-01	1.213389e-01	
11  294.429	7.543389e-01	9.807246e-01	6.928220e-01	1.321614e-01	
1  293.687	6.941354e-01	8.696195e-01	7.171673e-01	1.556325e-01	
2  292.96	7.089639e-01	8.970520e-01	7.052696e-01	1.393109e-01	
4  293.081	6.041560e-01	9.618044e-01	7.030786e-01	1.317324e-01	
3  293.966	5.345064e-01	9.909501e-01	6.836763e-01	1.166736e-01	
1  294.387	7.252155e-01	9.824902e-01	6.850504e-01	1.223497e-01	
1  295.351	8.737442e-01	9.457598e-01	6.854277e-01	1.176030e-01	
1  294.788	7.953891e-01	9.298572e-01	6.899352e-01	1.334734e-01	
1  293.752	6.597298e-01	8.217839e-01	6.970718e-01	1.398862e-01	
1  293.422	6.681507e-01	8.039164e-01	7.033663e-01	1.406846e-01	
4  294.371	6.658931e-01	8.857824e-01	6.880888e-01	1.288614e-01	
26  293.77	9.152523e-01	8.160549e-01	7.098826e-01	1.484693e-01	
8  299.168	8.773752e-01	8.203720e-01	6.766018e-01	1.204874e-01	
1  297.464	6.644528e-01	8.543368e-01	6.796384e-01	1.304596e-01	
9  295.587	5.752213e-01	9.623473e-01	6.898431e-01	1.385410e-01	
8  294.931	6.723069e-01	8.963319e-01	6.856942e-01	1.306211e-01	
3  294.635	8.533722e-01	8.238017e-01	7.217511e-01	1.612004e-01	
3  294.813	7.916285e-01	9.241382e-01	7.080715e-01	1.484649e-01	
3  293.286	6.632670e-01	8.567832e-01	7.132793e-01	1.420926e-01	
6  293.339	5.906286e-01	9.252545e-01	7.080386e-01	1.336815e-01	
3  293.525	7.833124e-01	8.875865e-01	7.117235e-01	1.453588e-01	
12  292.649	6.026765e-01	8.492318e-01	7.149065e-01	1.486804e-01	
5  294.045	9.530035e-01	8.572884e-01	7.016644e-01	1.376201e-01	
7  293.358	7.546250e-01	8.568748e-01	7.149824e-01	1.505609e-01	
2  294.358	9.134454e-01	8.336992e-01	7.112162e-01	1.392419e-01	
1  293.216	6.599995e-01	8.311082e-01	7.144181e-01	1.447328e-01	
18  292.571	5.656822e-01	8.583181e-01	7.156051e-01	1.512964e-01	
31  292.413	5.428764e-01	8.059905e-01	7.136599e-01	1.547158e-01	
6  292.293	5.112029e-01	8.546046e-01	7.150918e-01	1.515412e-01	
12  292.818	5.092718e-01	8.486977e-01	7.018937e-01	1.359088e-01	
15  294.809	7.442342e-01	8.696477e-01	7.192375e-01	1.421030e-01	
12  295.105	5.789168e-01	9.871762e-01	7.169257e-01	1.400546e-01	
9  294.881	6.769969e-01	9.461156e-01	7.184959e-01	1.491578e-01	
1  295.665	7.065606e-01	8.599217e-01	7.317467e-01	1.581366e-01	
5  293.855	5.234862e-01	8.864261e-01	7.250837e-01	1.545070e-01	
1  294.02	5.022623e-01	8.476647e-01	7.305957e-01	1.621953e-01	
1  293.049	6.513068e-01	8.464506e-01	7.176962e-01	1.499568e-01	
3  292.965	6.509300e-01	8.277178e-01	7.037600e-01	1.419586e-01	
5  293.049	6.660981e-01	8.008383e-01	7.061459e-01	1.466347e-01	
15  292.56	5.091110e-01	8.293132e-01	7.035931e-01	1.465395e-01	
1  293.017	5.911582e-01	9.390059e-01	7.037291e-01	1.412506e-01	
1  295.438	6.713207e-01	8.919777e-01	6.865189e-01	1.351911e-01	
3  295.926	6.498665e-01	9.062900e-01	6.800131e-01	1.253151e-01	
11  294.676	5.698420e-01	8.554544e-01	6.878005e-01	1.295290e-01	
4  296.35	6.585145e-01	9.222720e-01	6.830478e-01	1.139614e-01	
2  294.36	8.196667e-01	8.557679e-01	7.128465e-01	1.385179e-01	
3  295.775	6.527618e-01	9.081998e-01	7.207767e-01	1.389017e-01	
1  294.653	8.131557e-01	8.960294e-01	7.144131e-01	1.383344e-01	
17  295.032	9.595046e-01	9.280737e-01	6.891886e-01	1.234200e-01	
4  295.098	9.539922e-01	9.116793e-01	6.888637e-01	1.280107e-01	
1  294.325	8.906936e-01	8.764847e-01	7.146480e-01	1.464211e-01	
5  293.234	7.306718e-01	8.418174e-01	7.022281e-01	1.428251e-01	
9  293.504	6.802318e-01	8.376588e-01	7.219768e-01	1.536240e-01	
4  293.651	6.251514e-01	8.090437e-01	7.105686e-01	1.591660e-01	
7  293.213	6.741179e-01	8.140094e-01	7.210875e-01	1.590738e-01	
1  293.294	5.814491e-01	8.649394e-01	6.994991e-01	1.448209e-01	
18  293.703	5.791107e-01	8.119572e-01	7.123355e-01	1.616580e-01	
1  294.302	7.415485e-01	8.474968e-01	7.042434e-01	1.520130e-01	
1  294.721	8.571137e-01	9.408835e-01	7.074028e-01	1.319517e-01	
3  293.741	6.960964e-01	9.559705e-01	7.083835e-01	1.356933e-01	
2  294.603	7.013239e-01	9.381957e-01	6.901630e-01	1.347526e-01	
17  293.452	6.120952e-01	9.382570e-01	6.991014e-01	1.264884e-01	
5  292.645	5.659376e-01	8.999545e-01	6.989753e-01	1.380306e-01	
6  292.263	5.130811e-01	9.140050e-01	7.058981e-01	1.385864e-01	
24  292.796	6.629517e-01	8.247480e-01	7.108068e-01	1.509316e-01	
4  293.377	7.846555e-01	8.237947e-01	7.165514e-01	1.510274e-01	
24  293.237	5.393679e-01	8.980971e-01	7.113629e-01	1.526808e-01	
5  293.194	6.126896e-01	9.201327e-01	7.122013e-01	1.465558e-01	
10  293.448	5.750510e-01	9.152833e-01	7.131063e-01	1.382737e-01	
8  294.643	8.495330e-01	8.040223e-01	7.129433e-01	1.399745e-01	
16  294.863	9.647023e-01	8.962765e-01	6.942511e-01	1.252649e-01	
2  293.356	7.049388e-01	8.932392e-01	6.959109e-01	1.322814e-01	
6  293.638	7.795136e-01	9.496179e-01	7.016644e-01	1.335812e-01	
2  293.34	5.583678e-01	9.353336e-01	7.045626e-01	1.298631e-01	
6  293.321	5.644988e-01	8.377591e-01	7.252068e-01	1.585715e-01	
5  293.374	6.396121e-01	9.187278e-01	7.140347e-01	1.447633e-01	
2  293.054	5.187247e-01	8.326793e-01	6.986768e-01	1.424927e-01	
4  293.451	7.369483e-01	8.128972e-01	7.211966e-01	1.557395e-01	
25  292.976	5.954735e-01	9.383180e-01	6.942736e-01	1.313404e-01	
3  293.318	7.180771e-01	8.375462e-01	7.136039e-01	1.441596e-01	
12  292.878	6.367030e-01	9.219776e-01	6.981066e-01	1.332158e-01	
1  292.803	5.645397e-01	8.817048e-01	7.093148e-01	1.384855e-01	
2  293.171	5.605391e-01	8.997080e-01	7.052164e-01	1.481922e-01	
3  295.113	6.692562e-01	8.285504e-01	7.333800e-01	1.673962e-01	
7  293.954	6.655402e-01	9.405927e-01	7.122731e-01	1.468485e-01	
6  292.99	6.938551e-01	8.565684e-01	7.139837e-01	1.494179e-01	
30  293.015	5.718394e-01	8.905719e-01	6.969847e-01	1.391103e-01	
19  292.762	5.005529e-01	8.787349e-01	7.107848e-01	1.528753e-01	
5  292.63	6.276694e-01	8.187436e-01	7.104983e-01	1.482298e-01	
10  293.536	5.179123e-01	8.488155e-01	7.228972e-01	1.492799e-01	
7  292.426	5.064276e-01	8.542229e-01	7.108947e-01	1.423276e-01	
8  293.131	6.938987e-01	9.213757e-01	7.003009e-01	1.321726e-01	
3  294.64	5.928019e-01	9.188070e-01	7.059113e-01	1.520870e-01	
6  292.852	6.878786e-01	8.165191e-01	7.136661e-01	1.503692e-01	
2  293.399	7.869525e-01	8.664736e-01	7.122460e-01	1.475007e-01	
5  294.495	5.859749e-01	9.061209e-01	6.938853e-01	1.422864e-01	
2  292.695	5.442314e-01	9.154414e-01	6.960053e-01	1.343061e-01	
7  292.674	6.198827e-01	8.283529e-01	7.157904e-01	1.528373e-01	
5  293.888	6.936411e-01	9.340913e-01	7.006397e-01	1.420543e-01	
1  293.452	5.119491e-01	8.930140e-01	7.221625e-01	1.516814e-01	
18  293.065	5.405720e-01	8.246658e-01	7.153988e-01	1.447129e-01	
5  293.535	5.884890e-01	8.282403e-01	6.966470e-01	1.380001e-01	
5  297.781	6.190627e-01	8.115753e-01	6.867407e-01	1.444133e-01	
12  298.768	5.077116e-01	8.895520e-01	6.745467e-01	1.296996e-01	
9  299.36	5.222580e-01	9.623866e-01	6.772777e-01	1.343076e-01	
3  298.213	5.327479e-01	8.254806e-01	6.953185e-01	1.578970e-01	
2  294.049	7.455133e-01	8.482265e-01	7.019014e-01	1.484762e-01	
1  295.129	6.822165e-01	9.591921e-01	6.806744e-01	1.220463e-01	
6  294.782	5.096723e-01	9.416428e-01	7.108022e-01	1.293380e-01	
8  293.585	7.566805e-01	8.117702e-01	7.136672e-01	1.444798e-01	
2  296.849	6.508516e-01	9.000337e-01	7.131497e-01	1.286699e-01	
3  294.595	6.828594e-01	8.036544e-01	7.277889e-01	1.543426e-01	
3  295.402	5.185100e-01	9.523288e-01	7.244075e-01	1.524638e-01	
3  293.689	5.072750e-01	9.225790e-01	7.189741e-01	1.525495e-01	
7  292.582	5.300148e-01	9.437633e-01	7.055757e-01	1.361786e-01	
5  293.198	5.055452e-01	9.238182e-01	6.899871e-01	1.306774e-01	
23  293.219	5.910517e-01	8.205365e-01	7.042481e-01	1.385566e-01	
4  293.133	6.404758e-01	8.189404e-01	7.199604e-01	1.520923e-01	
2  293.131	5.930177e-01	8.001068e-01	7.061288e-01	1.423392e-01	
4  292.545	5.085425e-01	8.138356e-01	7.088945e-01	1.440279e-01	
6  292.995	5.443873e-01	8.512503e-01	7.036442e-01	1.356473e-01	
3  292.744	5.980217e-01	8.773915e-01	7.019733e-01	1.358572e-01	
3  293.054	5.539125e-01	8.882432e-01	6.948627e-01	1.364647e-01	
3  292.605	5.052413e-01	8.562069e-01	7.172095e-01	1.561850e-01	
6  292.33	5.088534e-01	9.077062e-01	7.047834e-01	1.427235e-01	
13  293.86	8.287424e-01	8.447111e-01	7.005000e-01	1.343023e-01	
6  294.455	7.994156e-01	8.827828e-01	6.905244e-01	1.270480e-01	
8  295.291	9.241938e-01	8.203602e-01	7.260299e-01	1.577520e-01	
5  293.658	7.275808e-01	8.730679e-01	7.094954e-01	1.513679e-01	
33  293.685	5.811754e-01	8.467653e-01	7.206054e-01	1.630354e-01	
4  293.665	5.623466e-01	8.700429e-01	7.061414e-01	1.533326e-01	
6  293.457	7.797703e-01	9.205021e-01	7.051757e-01	1.367735e-01	
6  294.507	6.805263e-01	9.545009e-01	6.855938e-01	1.187510e-01	
2  295.309	5.366868e-01	9.779004e-01	6.951079e-01	1.156736e-01	
1  295.885	5.667773e-01	9.205739e-01	7.034133e-01	1.221973e-01	
1  295.603	6.048752e-01	8.495279e-01	7.013490e-01	1.262244e-01	
4  294.35	6.230502e-01	8.653521e-01	6.939235e-01	1.266481e-01	
4  293.722	7.479143e-01	8.465051e-01	7.047037e-01	1.352400e-01	
5  298.212	5.926966e-01	9.098017e-01	6.824043e-01	1.101438e-01	
13  292.572	5.015995e-01	8.415271e-01	7.096711e-01	1.412215e-01	
5  293.676	6.507745e-01	8.101677e-01	7.260206e-01	1.575919e-01	
2  293.111	6.432987e-01	8.649934e-01	7.026235e-01	1.350991e-01	
7  295.04	5.637192e-01	9.368648e-01	7.156824e-01	1.342571e-01	
5  293.694	5.511062e-01	9.745767e-01	7.092703e-01	1.334166e-01	
38  293.549	5.660792e-01	9.490980e-01	7.065213e-01	1.305390e-01	
7  293.276	5.764090e-01	9.688081e-01	6.908355e-01	1.286939e-01	
21  293.216	5.887067e-01	9.573621e-01	6.909332e-01	1.279087e-01	
1  292.933	6.493182e-01	8.346873e-01	7.179311e-01	1.531488e-01	
1  295.404	9.666099e-01	8.366510e-01	7.221449e-01	1.496499e-01	
1  293.865	7.856849e-01	8.883775e-01	7.038291e-01	1.320659e-01	
10  293.977	7.507683e-01	8.203128e-01	7.230601e-01	1.528056e-01	
3  293.991	7.252123e-01	8.207049e-01	7.254122e-01	1.619221e-01	
4  293.654	7.986422e-01	8.958589e-01	7.062293e-01	1.352493e-01	
1  294.064	6.197141e-01	9.859394e-01	6.847160e-01	1.230644e-01	
2  293.787	7.684071e-01	8.709468e-01	7.090192e-01	1.366791e-01	
3  293.629	7.668614e-01	8.870478e-01	7.042553e-01	1.334332e-01	
3  293.061	6.707841e-01	9.419111e-01	7.009666e-01	1.326590e-01	
4  294.732	9.642380e-01	9.270270e-01	6.978937e-01	1.332346e-01	
8  294.125	5.417559e-01	9.954215e-01	6.918794e-01	1.334575e-01	
1  293.872	5.764099e-01	9.593642e-01	7.073706e-01	1.453909e-01	
5  293.902	8.596205e-01	9.022131e-01	7.038965e-01	1.408630e-01	
2  294.53	8.590561e-01	8.863117e-01	7.010521e-01	1.444469e-01	
4  295.083	7.247841e-01	8.901502e-01	7.256022e-01	1.555184e-01	
4  296.341	7.868643e-01	8.485634e-01	7.326860e-01	1.670864e-01	
3  295.854	7.899563e-01	8.072907e-01	7.320734e-01	1.727837e-01	
2  296.027	5.640918e-01	8.257960e-01	7.206513e-01	1.744470e-01	
3  294.81	6.238945e-01	8.146304e-01	7.196056e-01	1.698195e-01	
11  294.708	7.504017e-01	8.900441e-01	7.082191e-01	1.531562e-01	
13  292.885	6.929772e-01	8.868968e-01	7.043136e-01	1.410443e-01	
1  296.166	8.500723e-01	8.670496e-01	7.286603e-01	1.591656e-01	
4  296.862	6.579034e-01	9.089343e-01	7.307064e-01	1.647330e-01	
20  295.912	6.828052e-01	9.847429e-01	6.991351e-01	1.433127e-01	
2  296.062	9.524480e-01	9.680273e-01	6.870317e-01	1.279409e-01	
5  295.428	8.940677e-01	8.629341e-01	6.868825e-01	1.276314e-01	
15  294.257	8.255661e-01	9.851898e-01	6.932431e-01	1.265896e-01	
1  292.806	6.523574e-01	9.000216e-01	7.070991e-01	1.427374e-01	
5  294.064	6.499941e-01	9.362299e-01	7.007917e-01	1.254866e-01	
4  295.036	6.806224e-01	9.152398e-01	7.212546e-01	1.435363e-01	
3  293.229	6.972763e-01	8.988218e-01	7.118470e-01	1.458823e-01	
4  294.766	7.011984e-01	8.536988e-01	7.215199e-01	1.643604e-01	
1  295.141	5.138831e-01	8.505955e-01	6.885542e-01	1.393933e-01	
1  295.238	7.245289e-01	8.646640e-01	7.095581e-01	1.315921e-01	
2  296.945	6.999825e-01	9.109401e-01	7.008337e-01	1.195302e-01	
11  294.78	8.940626e-01	8.868063e-01	6.898763e-01	1.260337e-01	
1  295.296	8.001382e-01	8.651292e-01	6.971878e-01	1.247614e-01	
1  295.635	8.474736e-01	9.698480e-01	7.122608e-01	1.354430e-01	
7  296.105	6.770482e-01	8.504954e-01	7.150968e-01	1.670722e-01	
1  294.894	9.828295e-01	8.960765e-01	7.034315e-01	1.408050e-01	
8  294.181	9.176655e-01	8.050701e-01	7.081801e-01	1.393908e-01	
2  293.245	7.858429e-01	8.250106e-01	7.109921e-01	1.453934e-01	
11  293.231	7.374665e-01	8.240801e-01	7.037224e-01	1.434244e-01	
4  294.992	8.999546e-01	8.118948e-01	7.080328e-01	1.349561e-01	
3  297.341	9.451091e-01	9.186947e-01	7.083309e-01	1.248419e-01	
2  295.662	7.237082e-01	9.022614e-01	7.089873e-01	1.284279e-01	
2  295.212	9.401325e-01	9.458689e-01	7.051075e-01	1.299714e-01	
9  296.597	8.716026e-01	8.786300e-01	6.881396e-01	1.176629e-01	
5  296.601	7.772360e-01	9.631903e-01	6.781400e-01	1.108746e-01	
6  294.216	8.811231e-01	9.200118e-01	6.941410e-01	1.269861e-01	
7  294.16	7.112481e-01	9.315382e-01	7.114261e-01	1.355329e-01	
2  293.869	5.811404e-01	9.935708e-01	6.909522e-01	1.182369e-01	
2  296.686	5.636032e-01	9.308455e-01	6.935060e-01	1.146664e-01	
1  296.706	5.770443e-01	8.637752e-01	6.960995e-01	1.204053e-01	
5  295.287	6.582928e-01	8.691122e-01	7.085933e-01	1.301906e-01	
4  295.715	8.792262e-01	8.861947e-01	7.154586e-01	1.361382e-01	
1  294.23	8.116324e-01	9.124846e-01	7.091729e-01	1.347420e-01	
4  293.403	8.372323e-01	8.453977e-01	7.095761e-01	1.439995e-01	
1  295.344	8.619991e-01	8.429278e-01	7.267023e-01	1.550422e-01	
2  294.845	7.208085e-01	9.083079e-01	7.216117e-01	1.540085e-01	
8  294.213	5.950388e-01	9.877560e-01	6.936045e-01	1.350773e-01	
5  292.791	6.612596e-01	9.034187e-01	7.038793e-01	1.382232e-01	
12  292.618	5.695492e-01	9.032302e-01	7.055460e-01	1.440868e-01	
10  293.78	8.395181e-01	8.040460e-01	7.145658e-01	1.459346e-01	
8  293.855	7.614622e-01	8.249615e-01	7.053479e-01	1.366879e-01	
1  293.468	8.460997e-01	8.583723e-01	7.070884e-01	1.432288e-01	
2  293.74	5.774074e-01	8.063817e-01	7.261725e-01	1.548409e-01	
7  294.441	5.113404e-01	8.879692e-01	7.251258e-01	1.629510e-01	
5  293.744	7.099442e-01	8.991721e-01	7.157654e-01	1.500510e-01	
14  293.493	7.537807e-01	8.208637e-01	7.185307e-01	1.575486e-01	
5  294.77	7.753409e-01	8.818939e-01	6.885626e-01	1.321769e-01	
1  294.665	7.879539e-01	8.173737e-01	6.991744e-01	1.481281e-01	
15  293.425	5.591081e-01	8.112467e-01	7.029142e-01	1.509253e-01	
14  293.927	8.635227e-01	8.487109e-01	7.103890e-01	1.504216e-01	
24  293.448	6.235332e-01	9.448171e-01	7.114382e-01	1.421573e-01	
28  293.462	5.091904e-01	9.388073e-01	7.142856e-01	1.489932e-01	
1  295	7.754230e-01	8.780857e-01	7.204246e-01	1.590876e-01	
9  292.908	6.434807e-01	9.020755e-01	6.991261e-01	1.336204e-01	
3  294.093	6.061583e-01	9.083853e-01	6.877872e-01	1.305470e-01	
3  293.045	6.903389e-01	8.703654e-01	7.047227e-01	1.452843e-01	
4  294.16	5.448189e-01	9.393448e-01	7.164742e-01	1.520084e-01	
1  292.4	5.153039e-01	9.342136e-01	7.053325e-01	1.372282e-01	
3  293.752	7.090612e-01	9.386431e-01	7.024720e-01	1.288800e-01	
9  294.011	7.865000e-01	8.991168e-01	6.917684e-01	1.294711e-01	
3  294.991	9.254925e-01	9.443534e-01	7.066033e-01	1.371361e-01	
9  295.925	8.083293e-01	9.276811e-01	7.037117e-01	1.234540e-01	
3  294.66	8.405345e-01	9.199667e-01	7.072131e-01	1.311845e-01	
3  294.212	8.737495e-01	9.313540e-01	6.929375e-01	1.272536e-01	
1  293.961	7.967696e-01	8.982331e-01	7.041850e-01	1.450467e-01	
5  294.039	7.293596e-01	9.185399e-01	7.102076e-01	1.484170e-01	
7  293.787	7.236429e-01	8.640014e-01	6.948952e-01	1.320648e-01	
1  296.572	6.347652e-01	8.351795e-01	6.828814e-01	1.260637e-01	
3  293.502	6.393086e-01	8.427570e-01	6.980832e-01	1.424873e-01	
5  293.366	7.844712e-01	8.370655e-01	7.052249e-01	1.463778e-01	
11  292.77	6.136154e-01	9.249296e-01	7.053095e-01	1.365771e-01	
6  293.285	5.227420e-01	9.789633e-01	6.999254e-01	1.252026e-01	
6  293.966	6.914301e-01	8.809322e-01	7.147956e-01	1.398683e-01	
1  293.854	7.664261e-01	9.475301e-01	6.921299e-01	1.295734e-01	
6  294.049	6.410408e-01	9.149994e-01	7.129680e-01	1.363006e-01	
13  294.389	7.813584e-01	9.200714e-01	7.039566e-01	1.285730e-01	
13  293.973	7.685768e-01	9.161473e-01	7.104867e-01	1.367427e-01	
22  293.188	5.690041e-01	9.729430e-01	6.901783e-01	1.261246e-01	
17  292.896	6.459443e-01	8.708575e-01	7.067158e-01	1.473020e-01	
25  293.931	8.278554e-01	8.188285e-01	7.116559e-01	1.413319e-01	
8  293.708	8.351253e-01	8.173190e-01	7.094380e-01	1.413405e-01	
7  293.188	5.662779e-01	8.762570e-01	7.165117e-01	1.438698e-01	
7  294.372	6.710392e-01	9.189360e-01	7.191828e-01	1.517034e-01	
7  295.965	8.280195e-01	9.505154e-01	7.182522e-01	1.416747e-01	
9  295.364	7.042445e-01	8.216775e-01	7.342810e-01	1.638449e-01	
13  293.429	7.240784e-01	8.185857e-01	7.205084e-01	1.585338e-01	
2  294	8.915267e-01	9.009082e-01	7.065719e-01	1.391475e-01	
3  295.004	7.757173e-01	8.616747e-01	7.266154e-01	1.572819e-01	
1  294.25	5.658944e-01	8.476382e-01	7.301540e-01	1.621837e-01	
4  296.222	5.039720e-01	8.642997e-01	7.348674e-01	1.551008e-01	
10  292.955	6.249813e-01	8.162697e-01	7.206793e-01	1.573409e-01	
1  293.301	7.648617e-01	8.043555e-01	7.181874e-01	1.543143e-01	
13  293.051	6.242717e-01	8.454536e-01	7.008202e-01	1.431887e-01	
11  292.79	5.530037e-01	8.130200e-01	7.226625e-01	1.586596e-01	
