4  605.521	8.459405e-01	9.850084e-01	8.696568e-01	1.197631e-01	
2  541.795	7.176223e-01	9.174175e-01	8.476562e-01	1.200978e-01	
5  534.098	6.565926e-01	8.849842e-01	8.447237e-01	1.204621e-01	
1  521.552	7.299856e-01	9.251745e-01	8.492559e-01	1.279600e-01	
1  480.031	7.152872e-01	9.236347e-01	8.431207e-01	1.375304e-01	
1  441.938	8.449738e-01	9.033168e-01	8.396512e-01	1.517341e-01	
12  431.964	7.297497e-01	9.390275e-01	8.229993e-01	1.380398e-01	
1  416.068	6.286262e-01	8.367161e-01	8.378782e-01	1.641116e-01	
11  397.865	7.360572e-01	8.690771e-01	8.397162e-01	1.803976e-01	
4  375.977	7.497572e-01	8.967712e-01	8.235485e-01	1.762637e-01	
4  346.346	6.108640e-01	9.757260e-01	7.921282e-01	1.603416e-01	
3  338.277	6.824219e-01	9.092561e-01	8.028533e-01	1.916042e-01	
4  336.079	9.124978e-01	8.315069e-01	8.006576e-01	1.886679e-01	
4  334.848	8.514223e-01	9.901302e-01	7.807076e-01	1.615827e-01	
2  331.85	7.413108e-01	9.593088e-01	7.822684e-01	1.647166e-01	
3  323.402	8.559474e-01	9.696262e-01	7.698645e-01	1.603327e-01	
14  313.498	8.768215e-01	8.823531e-01	7.596569e-01	1.558952e-01	
10  308.498	7.434428e-01	8.716253e-01	7.652596e-01	1.841759e-01	
10  294.679	7.011109e-01	8.121809e-01	7.301043e-01	1.583222e-01	
14  293.824	5.583196e-01	9.470538e-01	6.898479e-01	1.332228e-01	
1  292.872	6.769603e-01	8.539808e-01	7.086555e-01	1.482946e-01	
7  293.984	5.135616e-01	8.734946e-01	7.022040e-01	1.517577e-01	
5  294.615	5.041557e-01	8.707246e-01	6.901725e-01	1.401539e-01	
17  294.445	8.108976e-01	9.282630e-01	6.884402e-01	1.278250e-01	
25  292.804	5.517260e-01	8.259858e-01	7.021024e-01	1.414328e-01	
2  294.176	6.002952e-01	9.632220e-01	7.024123e-01	1.434790e-01	
17  294.568	6.615513e-01	8.044823e-01	7.122633e-01	1.639219e-01	
11  292.848	5.394053e-01	8.393970e-01	7.070457e-01	1.522759e-01	
10  293.751	6.436085e-01	9.593038e-01	7.024760e-01	1.273592e-01	
10  293.228	7.991816e-01	8.460774e-01	7.072333e-01	1.433268e-01	
2  294.435	5.317217e-01	8.277154e-01	7.080708e-01	1.341801e-01	
13  295.006	5.374694e-01	8.406586e-01	7.313638e-01	1.549133e-01	
16  300.043	5.224915e-01	8.250887e-01	7.444252e-01	1.571052e-01	
4  294.869	5.780342e-01	9.018801e-01	7.270572e-01	1.534247e-01	
16  295.017	5.723922e-01	9.764442e-01	7.168650e-01	1.479855e-01	
23  296.382	6.593895e-01	9.483513e-01	7.170703e-01	1.573936e-01	
4  296.373	5.995180e-01	9.288861e-01	6.791815e-01	1.283473e-01	
4  293.171	5.618549e-01	8.334997e-01	7.233780e-01	1.544891e-01	
18  293.527	6.919225e-01	8.114852e-01	7.051664e-01	1.392156e-01	
2  294.445	7.783155e-01	8.848808e-01	7.019200e-01	1.473677e-01	
1  294.525	8.291175e-01	9.668605e-01	6.875656e-01	1.236268e-01	
9  293.75	7.435774e-01	8.906636e-01	7.160334e-01	1.491327e-01	
5  293.548	6.342519e-01	9.052239e-01	7.066190e-01	1.487038e-01	
5  294.031	6.008824e-01	8.225437e-01	7.283408e-01	1.672949e-01	
1  293.8	6.266978e-01	8.433359e-01	7.167271e-01	1.615436e-01	
10  293.771	6.025795e-01	8.070475e-01	7.010192e-01	1.367591e-01	
8  293.26	7.104828e-01	8.264709e-01	7.050395e-01	1.397813e-01	
11  293.173	7.446323e-01	8.421510e-01	7.046757e-01	1.451934e-01	
1  294.894	6.452526e-01	9.622980e-01	6.873018e-01	1.324865e-01	
1  295.927	6.285532e-01	9.335094e-01	7.171868e-01	1.339102e-01	
4  294.31	5.823311e-01	8.554936e-01	7.258241e-01	1.507628e-01	
1  294.486	6.507836e-01	8.017873e-01	7.217441e-01	1.701186e-01	
1  294.454	8.429573e-01	8.845936e-01	7.167485e-01	1.503666e-01	
6  294.232	6.650992e-01	8.526031e-01	7.268699e-01	1.586050e-01	
1  294.903	8.710403e-01	8.712599e-01	7.203879e-01	1.526517e-01	
3  295.564	6.940177e-01	9.357563e-01	7.175013e-01	1.553669e-01	
1  295.53	5.514916e-01	8.662157e-01	7.319876e-01	1.698251e-01	
11  295.282	7.044994e-01	8.412538e-01	7.309329e-01	1.672304e-01	
6  295.192	8.607281e-01	8.266102e-01	7.260520e-01	1.629629e-01	
1  294.754	6.928975e-01	9.302368e-01	6.963114e-01	1.423470e-01	
1  295.162	9.795056e-01	8.559685e-01	7.170926e-01	1.444049e-01	
4  293.975	6.257095e-01	8.702285e-01	6.909365e-01	1.305656e-01	
5  294.518	5.913084e-01	8.555397e-01	6.892556e-01	1.289109e-01	
23  294.176	5.247416e-01	8.519048e-01	6.956341e-01	1.281703e-01	
2  294.675	5.680010e-01	8.562744e-01	6.957896e-01	1.261781e-01	
2  293.346	5.860557e-01	8.723006e-01	6.942066e-01	1.360388e-01	
6  293.048	6.169430e-01	8.669277e-01	7.173919e-01	1.482755e-01	
31  293.138	6.213319e-01	8.265542e-01	7.038874e-01	1.486461e-01	
23  292.731	5.353718e-01	9.427600e-01	6.943420e-01	1.309822e-01	
18  292.55	5.555194e-01	8.111114e-01	7.189881e-01	1.556953e-01	
9  293.079	6.807638e-01	9.114889e-01	7.090682e-01	1.427484e-01	
1  293.536	6.153836e-01	9.089128e-01	6.941401e-01	1.264160e-01	
3  293.574	6.781480e-01	8.417502e-01	7.096477e-01	1.384932e-01	
1  293.068	6.488959e-01	9.080580e-01	6.968679e-01	1.356379e-01	
12  294.452	7.186004e-01	9.540585e-01	6.874792e-01	1.292619e-01	
14  294.102	6.950055e-01	9.731004e-01	6.866792e-01	1.247709e-01	
3  294.28	5.309836e-01	9.204819e-01	6.840419e-01	1.253985e-01	
1  295.501	8.487581e-01	9.587406e-01	6.892542e-01	1.160993e-01	
3  296.356	8.354092e-01	9.618248e-01	6.906131e-01	1.137135e-01	
4  294.628	6.789611e-01	9.880754e-01	6.863182e-01	1.155369e-01	
2  293.212	5.364878e-01	9.202887e-01	7.122426e-01	1.377747e-01	
12  294.118	5.067807e-01	9.622925e-01	6.943579e-01	1.189824e-01	
9  293.604	5.537619e-01	8.243478e-01	6.961960e-01	1.405799e-01	
5  292.765	5.292620e-01	8.968644e-01	6.960176e-01	1.365115e-01	
10  292.784	5.967717e-01	8.857669e-01	6.987124e-01	1.377434e-01	
5  292.529	5.980593e-01	8.919779e-01	7.039369e-01	1.407400e-01	
10  293.69	5.531544e-01	9.727144e-01	6.853522e-01	1.232279e-01	
1  294.75	6.681730e-01	9.032521e-01	6.870459e-01	1.325095e-01	
17  294.289	5.413106e-01	9.190992e-01	6.846244e-01	1.274296e-01	
10  294.196	5.713908e-01	8.844513e-01	6.878082e-01	1.274918e-01	
4  294.736	5.313962e-01	9.085400e-01	6.984007e-01	1.225154e-01	
1  294.739	5.087141e-01	9.202508e-01	6.933062e-01	1.194565e-01	
3  297.702	5.606440e-01	9.761323e-01	6.708227e-01	1.194719e-01	
2  295.466	5.647934e-01	9.702986e-01	6.815680e-01	1.283676e-01	
3  294.296	6.682572e-01	9.832909e-01	6.882191e-01	1.174412e-01	
4  296.504	6.939853e-01	8.627145e-01	7.145310e-01	1.322309e-01	
8  296.759	6.142763e-01	8.324492e-01	7.113946e-01	1.306507e-01	
2  295.75	5.280327e-01	8.105540e-01	7.112813e-01	1.339924e-01	
21  294.414	9.409138e-01	9.021418e-01	6.970829e-01	1.346058e-01	
3  294.502	7.677406e-01	8.182546e-01	6.989154e-01	1.323879e-01	
1  295.289	9.368081e-01	9.452272e-01	6.856532e-01	1.212938e-01	
2  294.246	7.429234e-01	8.601007e-01	7.088778e-01	1.546059e-01	
2  293.981	8.751129e-01	8.593407e-01	7.107181e-01	1.490435e-01	
4  294.406	8.964058e-01	8.642591e-01	7.104421e-01	1.500800e-01	
8  295.204	9.862768e-01	8.583513e-01	7.144739e-01	1.400133e-01	
14  295.382	9.974170e-01	8.035276e-01	7.077865e-01	1.343018e-01	
1  296.189	9.252948e-01	8.477468e-01	6.988972e-01	1.241509e-01	
14  293.067	6.850080e-01	8.171657e-01	7.057444e-01	1.429685e-01	
7  292.879	5.987860e-01	9.529120e-01	6.979842e-01	1.335239e-01	
21  293.249	6.541862e-01	9.392414e-01	7.087519e-01	1.405523e-01	
1  293.37	7.506823e-01	9.198881e-01	7.026076e-01	1.391803e-01	
22  294.24	5.165492e-01	8.573336e-01	7.139967e-01	1.628355e-01	
6  293.731	5.588350e-01	9.339787e-01	7.174976e-01	1.474832e-01	
13  292.81	5.869375e-01	8.595319e-01	7.152955e-01	1.461076e-01	
10  294.382	7.218286e-01	8.044486e-01	7.197125e-01	1.666609e-01	
5  292.626	5.381235e-01	8.346114e-01	7.170615e-01	1.575077e-01	
3  295.027	6.011876e-01	8.144099e-01	6.906420e-01	1.379756e-01	
17  293.39	6.169135e-01	8.621988e-01	7.149538e-01	1.421283e-01	
7  292.589	5.368528e-01	8.531973e-01	7.179518e-01	1.514096e-01	
3  293.307	7.199327e-01	9.380575e-01	7.036427e-01	1.377787e-01	
8  293.9	7.928109e-01	8.876224e-01	6.937967e-01	1.334734e-01	
3  295.038	9.423689e-01	8.361193e-01	7.217211e-01	1.519538e-01	
5  294.955	8.967647e-01	8.870491e-01	7.126884e-01	1.506169e-01	
5  295.197	9.141620e-01	9.602266e-01	7.068435e-01	1.334051e-01	
3  295.465	7.986308e-01	9.842230e-01	7.076956e-01	1.417743e-01	
7  294.98	6.409139e-01	9.985739e-01	6.817532e-01	1.127003e-01	
2  295.129	6.297047e-01	9.880181e-01	6.835125e-01	1.125014e-01	
5  293.594	7.261897e-01	9.627525e-01	7.033271e-01	1.324998e-01	
13  293.005	6.669687e-01	9.383794e-01	7.026244e-01	1.358504e-01	
12  294.293	6.890154e-01	9.826770e-01	7.082861e-01	1.327427e-01	
3  295.031	8.614931e-01	8.264299e-01	7.205337e-01	1.450859e-01	
6  295.872	8.865246e-01	9.069444e-01	6.984776e-01	1.215439e-01	
7  294.188	7.935117e-01	9.546034e-01	6.924393e-01	1.226806e-01	
3  294.462	8.844804e-01	9.401694e-01	6.918356e-01	1.241285e-01	
8  293.308	7.746616e-01	8.614652e-01	7.099054e-01	1.480805e-01	
# After 135 accepted steps: stop adapting the jumping factor at a value of 3.359355 with a local acceptance rate 0.252500 
10  293.69	8.130765e-01	8.559834e-01	7.073045e-01	1.373466e-01	
20  293.036	6.818799e-01	8.364374e-01	7.119981e-01	1.531734e-01	
1  292.977	6.202474e-01	8.391569e-01	7.013328e-01	1.426370e-01	
11  295.119	8.282580e-01	8.015807e-01	7.076410e-01	1.586986e-01	
4  294.8	9.141739e-01	8.047358e-01	7.132391e-01	1.588102e-01	
3  295.401	6.359294e-01	8.285952e-01	7.339098e-01	1.722789e-01	
1  293.216	7.603776e-01	8.253998e-01	7.117051e-01	1.518685e-01	
1  293.302	5.831821e-01	8.323762e-01	7.067955e-01	1.538350e-01	
6  293.185	7.686685e-01	8.071829e-01	7.112022e-01	1.471136e-01	
30  294.626	6.978397e-01	8.234926e-01	7.182186e-01	1.425102e-01	
2  293.496	7.568557e-01	8.630988e-01	7.087262e-01	1.498127e-01	
19  293.599	7.160365e-01	9.191859e-01	7.047308e-01	1.440263e-01	
5  295.605	7.703455e-01	9.123512e-01	7.123538e-01	1.552747e-01	
2  293.844	7.980075e-01	9.301106e-01	7.022964e-01	1.394728e-01	
10  293.598	5.484798e-01	9.303276e-01	7.125741e-01	1.363784e-01	
16  292.868	5.708378e-01	8.520815e-01	7.196798e-01	1.530978e-01	
2  293.333	6.408439e-01	8.640632e-01	7.197555e-01	1.544873e-01	
10  293.142	5.965662e-01	9.550929e-01	6.923512e-01	1.260153e-01	
6  293.561	5.557147e-01	9.848759e-01	6.886794e-01	1.278200e-01	
17  292.858	5.156759e-01	8.105541e-01	7.208332e-01	1.635866e-01	
10  293.18	6.859279e-01	8.474165e-01	7.001774e-01	1.401950e-01	
1  293.519	5.676389e-01	9.000569e-01	7.109823e-01	1.530244e-01	
1  293.035	5.408246e-01	8.742136e-01	6.949393e-01	1.352121e-01	
2  292.97	6.708639e-01	8.057742e-01	7.086158e-01	1.506630e-01	
7  293.511	8.522326e-01	8.343043e-01	7.111780e-01	1.448264e-01	
2  294.133	6.739577e-01	9.977755e-01	6.865080e-01	1.242480e-01	
5  293.029	5.985597e-01	9.411685e-01	7.031309e-01	1.313576e-01	
17  292.753	6.042781e-01	9.382364e-01	6.993917e-01	1.339187e-01	
7  293.615	6.641600e-01	9.317634e-01	7.119543e-01	1.456957e-01	
9  293.537	6.301233e-01	8.046662e-01	7.242743e-01	1.656783e-01	
2  296.148	5.279682e-01	9.138524e-01	7.190420e-01	1.647369e-01	
3  294.647	7.892744e-01	8.600181e-01	7.235519e-01	1.575778e-01	
11  293.888	6.586771e-01	9.151369e-01	7.158661e-01	1.415517e-01	
8  294.793	8.304637e-01	8.733876e-01	7.190957e-01	1.557489e-01	
1  295.865	7.633271e-01	8.754551e-01	7.283671e-01	1.520002e-01	
7  296.802	6.340050e-01	9.692401e-01	6.971635e-01	1.146551e-01	
4  296.113	6.970737e-01	8.863706e-01	6.943004e-01	1.196839e-01	
10  292.784	5.852592e-01	8.488180e-01	7.025584e-01	1.447775e-01	
14  293.413	5.471298e-01	9.014854e-01	6.906155e-01	1.316293e-01	
1  293.314	7.154940e-01	8.675465e-01	7.017388e-01	1.436599e-01	
7  293.423	5.152587e-01	9.407103e-01	6.917405e-01	1.346924e-01	
8  294.981	5.121363e-01	8.525367e-01	6.860731e-01	1.313208e-01	
5  295.661	5.097601e-01	8.264429e-01	6.912731e-01	1.257353e-01	
2  293.195	6.569088e-01	9.086035e-01	6.967660e-01	1.301072e-01	
15  293.638	5.028226e-01	8.951181e-01	6.999046e-01	1.472384e-01	
4  293.253	6.820318e-01	8.000762e-01	7.225314e-01	1.594198e-01	
9  293.528	6.100755e-01	8.654675e-01	7.217760e-01	1.573443e-01	
2  293.504	7.308304e-01	8.850739e-01	6.956132e-01	1.345239e-01	
2  293.444	6.985580e-01	8.515089e-01	7.185059e-01	1.557361e-01	
7  294.454	6.105039e-01	8.195801e-01	7.290542e-01	1.704867e-01	
1  294.152	5.641995e-01	9.186611e-01	7.095246e-01	1.529913e-01	
1  293.653	6.849131e-01	9.768321e-01	6.984272e-01	1.257688e-01	
1  292.91	6.415359e-01	8.206133e-01	7.142907e-01	1.472328e-01	
2  292.734	6.534646e-01	8.427213e-01	7.083818e-01	1.436120e-01	
5  292.801	5.991209e-01	8.513346e-01	7.062941e-01	1.391080e-01	
19  292.767	5.839376e-01	8.497499e-01	7.032691e-01	1.456672e-01	
27  293.008	7.303990e-01	8.871330e-01	7.053153e-01	1.397888e-01	
1  293.178	6.607931e-01	9.315768e-01	7.022139e-01	1.400155e-01	
17  293.943	8.466224e-01	9.016390e-01	7.090346e-01	1.381199e-01	
1  292.799	6.242024e-01	8.705488e-01	7.008430e-01	1.375548e-01	
1  293.749	6.857460e-01	9.184418e-01	6.903632e-01	1.275460e-01	
50  293.726	7.002747e-01	9.724999e-01	6.940387e-01	1.233880e-01	
4  293.69	6.338183e-01	9.898188e-01	6.977799e-01	1.238294e-01	
4  293.349	7.042008e-01	9.126534e-01	7.113948e-01	1.426622e-01	
14  292.64	5.086645e-01	8.408210e-01	7.198868e-01	1.582002e-01	
2  293.044	6.382645e-01	8.104846e-01	7.107173e-01	1.550878e-01	
1  292.98	5.836223e-01	8.491068e-01	7.056422e-01	1.374125e-01	
2  292.726	5.619695e-01	8.074054e-01	7.164721e-01	1.496368e-01	
6  292.397	5.235867e-01	8.501057e-01	7.031579e-01	1.412519e-01	
4  293.702	6.025642e-01	8.515943e-01	7.246603e-01	1.607853e-01	
2  292.861	6.320396e-01	8.804855e-01	7.119828e-01	1.490221e-01	
2  293.586	7.741799e-01	9.501440e-01	6.974404e-01	1.303278e-01	
1  293.113	7.062689e-01	8.463014e-01	7.160213e-01	1.495350e-01	
7  293.759	8.322540e-01	8.261067e-01	7.103510e-01	1.526613e-01	
1  295.838	8.762199e-01	9.547782e-01	6.802771e-01	1.181246e-01	
9  295.53	7.817956e-01	9.741436e-01	6.864626e-01	1.138633e-01	
3  294.246	7.659326e-01	9.438916e-01	6.941460e-01	1.226374e-01	
2  294.424	8.266402e-01	9.498206e-01	6.881831e-01	1.249315e-01	
10  294.031	8.016185e-01	9.680678e-01	6.917239e-01	1.252109e-01	
11  295.73	7.666806e-01	8.603754e-01	6.875866e-01	1.364372e-01	
1  293.392	6.401973e-01	9.893029e-01	6.933656e-01	1.243596e-01	
5  295.14	6.469985e-01	9.594831e-01	6.869664e-01	1.331662e-01	
2  294.311	7.167315e-01	8.819091e-01	7.206661e-01	1.564864e-01	
6  295.281	5.117050e-01	9.486349e-01	7.072078e-01	1.247338e-01	
3  295.042	5.329315e-01	9.017158e-01	7.165715e-01	1.352605e-01	
1  292.79	5.708709e-01	9.629263e-01	6.970869e-01	1.303788e-01	
36  293.448	7.701171e-01	8.305363e-01	7.033309e-01	1.455974e-01	
6  292.576	5.300260e-01	9.161209e-01	7.066908e-01	1.360354e-01	
8  293.216	6.770907e-01	8.669092e-01	7.159080e-01	1.464078e-01	
12  292.461	5.816526e-01	8.389911e-01	7.089389e-01	1.448812e-01	
1  292.596	5.863404e-01	8.328372e-01	7.167248e-01	1.528797e-01	
8  293.997	6.915254e-01	8.930892e-01	7.155446e-01	1.542948e-01	
3  295.326	7.372823e-01	8.492175e-01	7.041852e-01	1.556495e-01	
1  297.552	7.701880e-01	8.267908e-01	7.192454e-01	1.735208e-01	
4  297.318	9.055953e-01	8.565845e-01	7.162947e-01	1.640307e-01	
6  295.158	8.003431e-01	8.663777e-01	7.118553e-01	1.577260e-01	
7  295.545	6.481437e-01	8.331724e-01	6.923274e-01	1.448203e-01	
4  294.482	8.007083e-01	8.852101e-01	6.958911e-01	1.410104e-01	
6  293.677	9.082372e-01	8.170755e-01	7.105559e-01	1.465352e-01	
8  294.599	9.514807e-01	8.096503e-01	7.201239e-01	1.557899e-01	
4  294.388	9.249162e-01	8.868908e-01	7.106404e-01	1.436454e-01	
9  293.637	6.684158e-01	9.182570e-01	7.016629e-01	1.436949e-01	
3  293.869	7.907805e-01	8.898025e-01	7.030334e-01	1.447182e-01	
4  293.535	7.358785e-01	9.359368e-01	7.019640e-01	1.390864e-01	
10  294.285	5.236884e-01	9.669237e-01	7.042342e-01	1.458344e-01	
1  293.621	6.944391e-01	8.889004e-01	7.007241e-01	1.443209e-01	
3  294.216	8.318218e-01	8.708322e-01	7.102782e-01	1.512207e-01	
16  293.244	6.611721e-01	8.168260e-01	7.144495e-01	1.583628e-01	
1  293.98	6.654882e-01	8.546316e-01	7.160227e-01	1.599165e-01	
10  292.557	6.058835e-01	8.269942e-01	7.138526e-01	1.505205e-01	
4  292.898	6.359769e-01	8.621396e-01	7.127271e-01	1.436532e-01	
6  294.118	5.883684e-01	8.859142e-01	7.169954e-01	1.398855e-01	
2  297.372	5.753468e-01	8.627182e-01	7.094233e-01	1.262630e-01	
9  296.635	5.806235e-01	9.111870e-01	7.165355e-01	1.313227e-01	
3  294.85	7.682789e-01	9.206917e-01	7.172539e-01	1.509245e-01	
3  296.735	9.632523e-01	9.481035e-01	7.109939e-01	1.446095e-01	
5  295.178	9.581350e-01	9.447567e-01	7.020387e-01	1.275674e-01	
8  294.09	6.501785e-01	8.149297e-01	7.090490e-01	1.375889e-01	
1  294.863	6.621779e-01	8.429851e-01	7.048156e-01	1.306113e-01	
8  294.659	8.208228e-01	8.750032e-01	7.089831e-01	1.332825e-01	
4  298.404	6.743412e-01	8.560935e-01	7.092594e-01	1.249142e-01	
3  295.054	5.021350e-01	8.476259e-01	7.009815e-01	1.272290e-01	
3  294.12	6.165668e-01	8.740880e-01	6.921238e-01	1.383091e-01	
2  294.639	6.288900e-01	8.163947e-01	6.926898e-01	1.394599e-01	
6  294.848	5.087770e-01	8.660729e-01	6.860016e-01	1.328238e-01	
9  293.448	6.826097e-01	9.250384e-01	6.940373e-01	1.335215e-01	
1  296.099	5.819481e-01	9.074849e-01	7.248412e-01	1.421145e-01	
4  295.929	7.587743e-01	8.893683e-01	7.107645e-01	1.298347e-01	
5  294.561	7.621409e-01	8.605283e-01	7.201493e-01	1.448392e-01	
1  293.868	8.555469e-01	8.989358e-01	7.008263e-01	1.316412e-01	
6  295.183	7.068924e-01	9.533429e-01	6.819982e-01	1.249730e-01	
8  293.442	6.078406e-01	8.789791e-01	7.086805e-01	1.354038e-01	
4  293.397	6.748659e-01	8.017691e-01	7.059319e-01	1.516308e-01	
4  293.601	6.836519e-01	8.285673e-01	6.980388e-01	1.377738e-01	
1  293.882	7.973266e-01	9.072355e-01	6.943527e-01	1.280610e-01	
2  293.578	6.922753e-01	9.505320e-01	6.943315e-01	1.250009e-01	
1  295.475	7.473754e-01	9.410339e-01	7.063363e-01	1.258187e-01	
1  294.547	8.792217e-01	8.981750e-01	6.901769e-01	1.283054e-01	
6  293.506	7.467926e-01	9.299961e-01	7.005335e-01	1.381137e-01	
8  293.167	5.890637e-01	9.887933e-01	6.969094e-01	1.260544e-01	
9  296.758	6.011324e-01	9.567924e-01	7.193137e-01	1.589271e-01	
3  294.642	7.066751e-01	9.896597e-01	7.047366e-01	1.400777e-01	
4  294.44	8.222795e-01	9.381281e-01	7.109257e-01	1.385480e-01	
3  293.49	7.916145e-01	8.881821e-01	6.985606e-01	1.335040e-01	
26  292.518	5.235311e-01	9.540254e-01	6.986593e-01	1.326830e-01	
13  293.735	7.644867e-01	9.054119e-01	7.030388e-01	1.312532e-01	
18  292.327	5.369197e-01	9.128509e-01	7.031150e-01	1.373607e-01	
10  292.897	5.351825e-01	8.436879e-01	7.028293e-01	1.479860e-01	
21  293.562	5.217952e-01	8.234662e-01	7.170460e-01	1.437070e-01	
3  294.116	7.109755e-01	8.329202e-01	7.245537e-01	1.627576e-01	
5  293.411	5.033118e-01	8.270883e-01	7.022764e-01	1.513747e-01	
26  292.516	5.582750e-01	9.231676e-01	6.995053e-01	1.345831e-01	
1  295.077	7.196064e-01	9.179550e-01	7.162086e-01	1.551567e-01	
1  295.444	6.803819e-01	8.921069e-01	7.093778e-01	1.294170e-01	
3  294.647	6.714709e-01	9.850149e-01	7.108927e-01	1.338917e-01	
8  294.096	5.927358e-01	9.623744e-01	6.946724e-01	1.202488e-01	
25  293.72	6.702992e-01	9.884140e-01	6.984309e-01	1.338206e-01	
5  293.466	5.748454e-01	9.411819e-01	6.926603e-01	1.345652e-01	
6  293.265	5.473680e-01	8.970257e-01	6.953297e-01	1.279421e-01	
1  293.41	6.618806e-01	8.377530e-01	7.155193e-01	1.443213e-01	
4  292.499	5.556122e-01	8.978035e-01	7.085914e-01	1.398762e-01	
9  293.637	6.466581e-01	8.106087e-01	7.254253e-01	1.646486e-01	
2  293.484	8.191219e-01	8.528236e-01	7.069763e-01	1.466683e-01	
23  293.944	9.185119e-01	8.712182e-01	7.032676e-01	1.402026e-01	
6  294.991	7.932672e-01	9.014003e-01	7.213226e-01	1.488487e-01	
7  294.305	7.073095e-01	8.139275e-01	7.291950e-01	1.612094e-01	
3  294.209	7.843570e-01	8.149247e-01	7.258409e-01	1.595990e-01	
7  294.903	9.714831e-01	9.278483e-01	7.014124e-01	1.290327e-01	
5  294.641	7.353703e-01	9.851126e-01	7.091601e-01	1.339779e-01	
2  294.116	7.831639e-01	9.727715e-01	7.021701e-01	1.290700e-01	
5  293.905	7.411398e-01	9.546187e-01	6.971175e-01	1.248363e-01	
3  295.067	5.415684e-01	8.539992e-01	6.858651e-01	1.290120e-01	
11  292.866	5.429160e-01	8.076654e-01	7.152053e-01	1.469628e-01	
1  292.709	5.413084e-01	8.286925e-01	7.059383e-01	1.501314e-01	
3  292.677	5.883145e-01	8.214994e-01	7.104360e-01	1.530224e-01	
4  292.397	5.102098e-01	9.135072e-01	7.085872e-01	1.442627e-01	
1  294.261	6.962759e-01	9.825002e-01	6.859518e-01	1.246181e-01	
2  295.605	9.352114e-01	9.870395e-01	6.972169e-01	1.211305e-01	
20  295.575	8.015186e-01	9.995335e-01	6.955639e-01	1.170153e-01	
14  295.829	9.539800e-01	9.311562e-01	6.856064e-01	1.171818e-01	
1  294.167	9.390260e-01	8.771696e-01	7.030707e-01	1.403820e-01	
3  294.003	8.013624e-01	8.991986e-01	7.133725e-01	1.473368e-01	
8  293.934	6.907405e-01	9.408668e-01	7.105887e-01	1.456320e-01	
8  295.354	9.001240e-01	9.223553e-01	7.000106e-01	1.423127e-01	
1  297.205	7.262393e-01	9.348107e-01	7.269753e-01	1.595571e-01	
7  297.923	5.001804e-01	8.659657e-01	7.409178e-01	1.795780e-01	
3  297.432	6.197679e-01	9.497732e-01	7.306879e-01	1.520765e-01	
6  293.426	5.410678e-01	8.065876e-01	7.262773e-01	1.563237e-01	
6  292.673	5.040422e-01	8.248827e-01	7.206697e-01	1.524418e-01	
3  292.167	5.093511e-01	8.785246e-01	7.081327e-01	1.417794e-01	
14  293.719	6.183045e-01	9.232860e-01	7.067490e-01	1.312472e-01	
16  293.008	5.839448e-01	9.301369e-01	6.970026e-01	1.280695e-01	
12  294.088	6.942391e-01	9.718588e-01	7.036891e-01	1.401062e-01	
17  292.187	5.120699e-01	8.970347e-01	7.037592e-01	1.400937e-01	
6  292.416	5.578110e-01	8.770228e-01	7.099791e-01	1.473264e-01	
15  292.629	5.896352e-01	8.708119e-01	7.012359e-01	1.393133e-01	
2  292.821	6.710911e-01	8.592021e-01	7.079572e-01	1.415776e-01	
2  294.25	6.368991e-01	8.441567e-01	7.077867e-01	1.572088e-01	
5  294.166	6.487240e-01	8.655591e-01	7.073365e-01	1.549048e-01	
16  292.827	5.608815e-01	8.564932e-01	7.072483e-01	1.509065e-01	
3  293.487	8.101332e-01	8.378594e-01	7.022638e-01	1.422159e-01	
6  294.291	5.877546e-01	9.303367e-01	7.024307e-01	1.476081e-01	
2  293.182	5.802081e-01	9.530344e-01	6.918252e-01	1.301805e-01	
5  292.812	6.473773e-01	8.521887e-01	7.037582e-01	1.401517e-01	
7  293.319	6.409293e-01	8.156552e-01	7.085762e-01	1.548587e-01	
2  292.896	7.075160e-01	8.748592e-01	7.059086e-01	1.408861e-01	
9  293.383	7.114979e-01	9.514892e-01	6.981494e-01	1.288569e-01	
1  294.202	7.449512e-01	8.435064e-01	6.934105e-01	1.347079e-01	
12  294.217	5.372144e-01	8.180811e-01	6.936726e-01	1.407767e-01	
13  293.414	5.128428e-01	8.311858e-01	6.957695e-01	1.390766e-01	
1  292.815	6.416043e-01	8.875860e-01	7.050430e-01	1.440685e-01	
2  296.509	5.257694e-01	8.971016e-01	7.332131e-01	1.529123e-01	
4  294.883	5.207949e-01	8.651191e-01	7.223539e-01	1.426158e-01	
3  297.015	6.118996e-01	9.517442e-01	7.225164e-01	1.370971e-01	
4  294.449	7.858750e-01	8.957061e-01	7.189068e-01	1.503095e-01	
1  293.753	7.418093e-01	8.291131e-01	7.084042e-01	1.383548e-01	
9  293.7	8.463726e-01	8.947243e-01	7.070938e-01	1.384217e-01	
6  293.817	8.203764e-01	9.402071e-01	6.965591e-01	1.289700e-01	
6  292.994	6.780171e-01	9.317041e-01	7.010346e-01	1.350735e-01	
8  293.9	8.787718e-01	8.229454e-01	7.088420e-01	1.507918e-01	
11  294.03	9.055469e-01	8.168981e-01	7.006801e-01	1.416474e-01	
28  293.595	8.530457e-01	8.606751e-01	7.024848e-01	1.408850e-01	
9  292.926	5.934587e-01	8.772296e-01	7.115764e-01	1.515513e-01	
13  293.077	5.112584e-01	9.454931e-01	6.992317e-01	1.401389e-01	
8  293.848	5.565502e-01	9.660761e-01	7.019903e-01	1.249882e-01	
3  294.947	5.599145e-01	9.858836e-01	6.927232e-01	1.152179e-01	
2  293.13	6.480198e-01	9.608773e-01	7.020814e-01	1.326336e-01	
9  293.543	5.053117e-01	8.792761e-01	7.148710e-01	1.586128e-01	
10  295.72	6.381792e-01	9.498169e-01	7.139240e-01	1.547499e-01	
3  294.396	8.440003e-01	8.087482e-01	7.230578e-01	1.618752e-01	
23  293.812	8.085665e-01	8.355382e-01	7.129663e-01	1.547136e-01	
2  293.639	6.157914e-01	9.382342e-01	7.052607e-01	1.299720e-01	
1  293.821	7.172891e-01	9.173421e-01	7.058279e-01	1.317135e-01	
2  294.355	9.821265e-01	8.208778e-01	7.140655e-01	1.455776e-01	
1  297.026	7.575238e-01	9.341081e-01	7.232187e-01	1.589787e-01	
2  297.938	7.127828e-01	8.571963e-01	7.360204e-01	1.765418e-01	
4  296.067	5.543135e-01	9.820620e-01	7.136150e-01	1.524890e-01	
2  294.218	7.630039e-01	9.988140e-01	6.977214e-01	1.243637e-01	
7  293.1	5.315172e-01	9.678855e-01	7.036856e-01	1.297402e-01	
10  293.334	7.443009e-01	9.203562e-01	7.066502e-01	1.399236e-01	
2  294.623	8.731181e-01	8.508799e-01	7.210205e-01	1.508446e-01	
2  294.648	7.109950e-01	9.214906e-01	7.083560e-01	1.507037e-01	
7  294.124	6.455512e-01	9.128141e-01	6.876802e-01	1.290787e-01	
15  294.7	5.670491e-01	9.594888e-01	6.828758e-01	1.159892e-01	
6  295.309	7.061143e-01	9.950694e-01	7.024064e-01	1.218600e-01	
2  295.016	8.266365e-01	8.589466e-01	7.237242e-01	1.499700e-01	
2  296.722	8.284707e-01	8.992465e-01	7.067039e-01	1.247563e-01	
14  297.778	9.067375e-01	9.315020e-01	6.793918e-01	1.097216e-01	
2  294.376	6.691972e-01	9.128816e-01	6.880048e-01	1.317504e-01	
17  293.924	9.348744e-01	8.004646e-01	7.053611e-01	1.415369e-01	
4  294.329	9.645376e-01	8.389128e-01	7.101585e-01	1.398310e-01	
1  292.516	5.512774e-01	8.837441e-01	7.123269e-01	1.440799e-01	
34  293.459	5.507827e-01	9.042642e-01	7.131681e-01	1.534497e-01	
4  294.557	6.144525e-01	9.044620e-01	6.961547e-01	1.445278e-01	
9  295.879	8.946674e-01	9.650634e-01	7.093077e-01	1.304409e-01	
2  295.859	7.586744e-01	9.324093e-01	6.888420e-01	1.157500e-01	
12  293.732	6.232695e-01	8.920123e-01	6.948872e-01	1.269986e-01	
4  292.911	6.230078e-01	9.388933e-01	7.010770e-01	1.319293e-01	
11  292.371	5.370031e-01	9.150961e-01	7.051281e-01	1.375806e-01	
3  292.608	5.874720e-01	9.291579e-01	7.012332e-01	1.352519e-01	
3  292.603	5.162614e-01	8.834487e-01	7.034479e-01	1.346643e-01	
21  293.105	6.611701e-01	8.287984e-01	7.048269e-01	1.398455e-01	
13  294.168	7.192230e-01	8.200647e-01	6.961917e-01	1.413333e-01	
5  294.289	5.499581e-01	9.020844e-01	6.856209e-01	1.279920e-01	
2  295.44	5.427880e-01	9.055195e-01	6.808830e-01	1.204271e-01	
7  294.529	5.072630e-01	8.485254e-01	7.119632e-01	1.348327e-01	
3  295.04	6.082410e-01	8.942401e-01	6.936417e-01	1.214004e-01	
2  293.185	6.366161e-01	8.811074e-01	6.973954e-01	1.323046e-01	
10  293.31	7.442515e-01	9.296131e-01	6.990460e-01	1.338827e-01	
3  292.713	6.453683e-01	8.990799e-01	7.040982e-01	1.386716e-01	
4  294.192	5.757444e-01	8.196621e-01	7.268036e-01	1.528478e-01	
6  293.308	6.031604e-01	8.159508e-01	7.061428e-01	1.392347e-01	
7  293.142	6.444900e-01	8.591852e-01	7.184226e-01	1.503922e-01	
4  293.508	5.139841e-01	9.146615e-01	7.183213e-01	1.529933e-01	
2  293.228	5.147277e-01	9.069605e-01	7.128402e-01	1.526579e-01	
2  293.165	7.179598e-01	8.379321e-01	7.068836e-01	1.403202e-01	
11  292.978	6.488928e-01	9.464304e-01	7.002782e-01	1.324161e-01	
2  295.282	6.059790e-01	8.802032e-01	7.307821e-01	1.620091e-01	
4  297.617	7.623319e-01	8.322294e-01	7.200918e-01	1.738283e-01	
3  297.493	7.277782e-01	8.514048e-01	7.287609e-01	1.755160e-01	
1  296.102	6.244887e-01	8.547163e-01	7.144960e-01	1.672802e-01	
1  296.089	6.978653e-01	8.966600e-01	7.007065e-01	1.524625e-01	
1  294.668	6.346440e-01	8.105201e-01	7.199172e-01	1.695647e-01	
2  293.714	6.858872e-01	8.854128e-01	7.186396e-01	1.524574e-01	
1  293.645	6.387097e-01	8.934980e-01	7.061901e-01	1.498588e-01	
7  298.442	5.839296e-01	9.030798e-01	6.767537e-01	1.318623e-01	
1  296.876	7.696215e-01	8.819822e-01	6.801628e-01	1.285143e-01	
3  294.54	6.050766e-01	9.039791e-01	6.858440e-01	1.232804e-01	
13  293.62	6.500994e-01	9.778117e-01	6.940466e-01	1.320052e-01	
9  292.482	5.565721e-01	8.591125e-01	7.148181e-01	1.505488e-01	
28  293.518	5.008139e-01	8.135905e-01	7.234315e-01	1.506708e-01	
18  292.788	6.549869e-01	8.334307e-01	7.146530e-01	1.497044e-01	
9  293.187	6.971087e-01	8.344007e-01	7.176671e-01	1.501029e-01	
2  296.64	8.275018e-01	9.317315e-01	6.784698e-01	1.238994e-01	
3  294.312	8.648899e-01	8.385696e-01	6.969681e-01	1.406346e-01	
1  294.301	9.031377e-01	8.945714e-01	6.937650e-01	1.316462e-01	
6  293.8	8.387908e-01	8.890867e-01	6.982032e-01	1.313063e-01	
1  294.55	8.073521e-01	8.930827e-01	7.187647e-01	1.504572e-01	
2  293.797	5.663169e-01	8.851504e-01	7.210319e-01	1.585261e-01	
2  293.373	5.998417e-01	9.667229e-01	6.991827e-01	1.372485e-01	
26  294.221	6.400839e-01	8.904673e-01	7.204859e-01	1.450076e-01	
5  294.517	6.432698e-01	8.702078e-01	7.250083e-01	1.500895e-01	
4  293.997	6.459750e-01	8.736130e-01	6.927564e-01	1.280967e-01	
10  293.437	6.932377e-01	9.647786e-01	6.949600e-01	1.306672e-01	
20  293.179	5.917487e-01	9.076975e-01	6.942097e-01	1.289132e-01	
4  293.588	5.295756e-01	9.953523e-01	6.922289e-01	1.190226e-01	
1  293.154	5.919053e-01	9.256475e-01	7.065002e-01	1.453113e-01	
60  292.719	5.424983e-01	9.197349e-01	7.071167e-01	1.447381e-01	
7  293.51	7.557531e-01	9.157425e-01	7.084387e-01	1.427170e-01	
2  295.001	7.620206e-01	8.529197e-01	6.961756e-01	1.457281e-01	
8  294.823	8.399679e-01	8.623807e-01	7.148109e-01	1.567079e-01	
2  294.595	7.371968e-01	9.955653e-01	6.835797e-01	1.198843e-01	
5  293.715	6.026149e-01	8.056549e-01	7.273190e-01	1.577229e-01	
3  293.056	6.615427e-01	8.422383e-01	7.054752e-01	1.389634e-01	
3  292.434	5.499155e-01	8.048691e-01	7.157273e-01	1.527753e-01	
9  295.116	6.806761e-01	8.640234e-01	7.215378e-01	1.428089e-01	
4  294.774	7.430544e-01	8.398295e-01	7.262904e-01	1.644953e-01	
2  293.627	7.030531e-01	9.298885e-01	7.089601e-01	1.446172e-01	
5  293.909	8.060147e-01	9.519129e-01	6.973592e-01	1.333207e-01	
10  293.876	5.606612e-01	8.812045e-01	6.960193e-01	1.436017e-01	
3  293.173	6.479005e-01	9.608874e-01	7.004621e-01	1.300565e-01	
4  298.056	8.998276e-01	8.973705e-01	7.304404e-01	1.521293e-01	
7  297.293	6.741261e-01	8.957026e-01	7.224061e-01	1.686787e-01	
3  293.886	5.415359e-01	8.445871e-01	7.286855e-01	1.587519e-01	
7  294.976	5.332523e-01	9.354292e-01	7.221193e-01	1.429804e-01	
3  293.978	6.783620e-01	8.249537e-01	7.127631e-01	1.603142e-01	
8  293.384	7.124189e-01	8.221852e-01	7.069520e-01	1.514773e-01	
2  293.107	5.740581e-01	8.487663e-01	7.101053e-01	1.549585e-01	
1  294.474	5.790294e-01	8.946897e-01	6.984815e-01	1.476745e-01	
4  293.24	6.864459e-01	8.227255e-01	7.046901e-01	1.484514e-01	
4  293.622	5.710862e-01	9.003972e-01	7.111356e-01	1.534663e-01	
7  292.73	5.593157e-01	8.428448e-01	7.136869e-01	1.555856e-01	
10  292.903	6.116556e-01	9.547478e-01	7.024645e-01	1.348519e-01	
9  294.222	8.226992e-01	9.478769e-01	6.996943e-01	1.266209e-01	
5  293.621	7.531735e-01	8.560687e-01	6.969359e-01	1.368836e-01	
7  293.053	5.797949e-01	8.854160e-01	7.152405e-01	1.527445e-01	
14  292.786	5.736102e-01	8.477929e-01	7.143664e-01	1.553704e-01	
3  293.09	6.850380e-01	8.073871e-01	7.196215e-01	1.554321e-01	
4  292.392	5.092747e-01	8.046098e-01	7.183365e-01	1.588854e-01	
13  292.442	5.593198e-01	8.420737e-01	7.052829e-01	1.443679e-01	
3  293.238	6.074819e-01	9.337012e-01	7.073070e-01	1.445830e-01	
4  292.603	6.227028e-01	8.589995e-01	7.082124e-01	1.468467e-01	
4  293.846	7.060690e-01	8.820714e-01	7.021136e-01	1.304843e-01	
1  295.094	6.171034e-01	9.191675e-01	7.094560e-01	1.289379e-01	
1  294.198	5.686025e-01	8.660791e-01	7.039366e-01	1.299867e-01	
1  294.271	5.011189e-01	9.374696e-01	6.850996e-01	1.302279e-01	
2  295.614	5.649710e-01	9.729191e-01	6.814501e-01	1.111449e-01	
9  292.951	6.333224e-01	9.150690e-01	7.079539e-01	1.377020e-01	
2  293.2	6.818853e-01	8.339383e-01	7.150497e-01	1.562297e-01	
10  292.588	5.459014e-01	9.392174e-01	7.040281e-01	1.346789e-01	
1  294.731	8.281966e-01	9.482184e-01	7.112964e-01	1.377121e-01	
1  293.199	6.326548e-01	9.217991e-01	7.119851e-01	1.444868e-01	
3  293.391	6.875799e-01	9.347828e-01	7.089537e-01	1.382960e-01	
2  293.634	7.787511e-01	8.147585e-01	7.119418e-01	1.556769e-01	
1  293.56	6.633222e-01	9.547763e-01	7.077218e-01	1.410054e-01	
3  293.757	5.525304e-01	9.298787e-01	7.182840e-01	1.457659e-01	
2  294.912	5.078743e-01	8.718022e-01	7.143815e-01	1.344564e-01	
1  294.681	5.731610e-01	8.239714e-01	6.905859e-01	1.345308e-01	
17  294.751	9.672396e-01	8.928856e-01	6.974492e-01	1.270661e-01	
1  294.563	7.546046e-01	8.983282e-01	6.963595e-01	1.244724e-01	
2  295.59	8.067917e-01	9.309951e-01	6.913247e-01	1.175744e-01	
6  295.459	7.940958e-01	9.230307e-01	6.835495e-01	1.187166e-01	
3  295.791	8.497517e-01	9.132008e-01	6.836562e-01	1.182825e-01	
3  293.039	6.364143e-01	8.478643e-01	6.999706e-01	1.392589e-01	
3  293.566	6.860456e-01	8.222718e-01	7.102168e-01	1.403517e-01	
1  295.535	7.951545e-01	8.380945e-01	6.995788e-01	1.269104e-01	
8  293.619	7.433390e-01	8.540408e-01	7.150418e-01	1.436543e-01	
29  294.414	8.604786e-01	8.222334e-01	7.041341e-01	1.343515e-01	
1  294.78	5.559434e-01	9.200735e-01	6.852375e-01	1.189711e-01	
6  293.998	6.918105e-01	8.543468e-01	6.937136e-01	1.316040e-01	
10  292.873	6.555261e-01	8.330304e-01	7.160698e-01	1.539607e-01	
8  293.165	6.825839e-01	8.029307e-01	7.068464e-01	1.501466e-01	
2  293.642	7.732406e-01	8.124716e-01	7.215079e-01	1.565804e-01	
1  294.415	7.678205e-01	8.393009e-01	7.251607e-01	1.546785e-01	
2  293.855	7.275592e-01	9.063637e-01	7.025355e-01	1.296579e-01	
17  294.084	8.732127e-01	9.393902e-01	7.004357e-01	1.319434e-01	
1  293.834	8.707632e-01	8.979062e-01	7.025841e-01	1.338908e-01	
3  294.396	9.584596e-01	8.639768e-01	7.086222e-01	1.376153e-01	
7  294.877	6.797187e-01	8.060335e-01	7.269110e-01	1.516117e-01	
2  298.115	6.634734e-01	8.726842e-01	7.337093e-01	1.486885e-01	
1  298.082	7.398413e-01	9.012140e-01	7.338456e-01	1.519321e-01	
8  295.31	5.940950e-01	8.659078e-01	7.305766e-01	1.541154e-01	
10  295.897	9.430859e-01	8.486191e-01	7.114671e-01	1.331155e-01	
43  292.263	5.310370e-01	8.776440e-01	7.093665e-01	1.463895e-01	
4  295.182	6.027801e-01	8.147048e-01	7.256471e-01	1.477767e-01	
2  293.516	7.300665e-01	9.040345e-01	6.953526e-01	1.349860e-01	
4  294.751	5.682439e-01	9.944865e-01	6.920641e-01	1.151986e-01	
1  294.155	6.647720e-01	8.786142e-01	6.909217e-01	1.274247e-01	
1  293.888	5.412059e-01	8.383233e-01	7.055746e-01	1.559142e-01	
11  293.999	5.948720e-01	9.274364e-01	6.912288e-01	1.359172e-01	
2  294.233	6.309368e-01	9.583176e-01	6.858470e-01	1.274533e-01	
3  295.981	7.923630e-01	9.844736e-01	7.000569e-01	1.190725e-01	
1  295.267	8.078999e-01	9.756346e-01	7.115420e-01	1.399733e-01	
5  294.254	7.580064e-01	8.760015e-01	7.192785e-01	1.554598e-01	
1  293.589	6.898484e-01	9.126587e-01	7.140907e-01	1.471810e-01	
2  294.547	5.991814e-01	9.027275e-01	7.008924e-01	1.492830e-01	
1  292.742	5.020272e-01	8.913458e-01	6.948423e-01	1.333056e-01	
4  293.935	5.455978e-01	9.846449e-01	6.857901e-01	1.169261e-01	
1  292.582	5.456682e-01	8.631785e-01	7.140697e-01	1.451150e-01	
7  293.832	5.058977e-01	9.951748e-01	6.927445e-01	1.177597e-01	
5  293.964	8.663129e-01	8.824656e-01	7.099692e-01	1.392088e-01	
1  294.877	8.351596e-01	9.012958e-01	6.872691e-01	1.285343e-01	
6  294.148	8.950966e-01	9.256599e-01	6.982982e-01	1.334592e-01	
8  293.493	7.605423e-01	8.957412e-01	7.088678e-01	1.459427e-01	
2  293.425	6.962090e-01	9.201478e-01	7.115789e-01	1.418528e-01	
4  292.712	6.588288e-01	8.641587e-01	7.095429e-01	1.459886e-01	
4  293.799	6.108110e-01	9.216563e-01	6.884403e-01	1.251861e-01	
19  292.996	5.162300e-01	9.934630e-01	7.011629e-01	1.292753e-01	
8  292.508	5.221858e-01	8.825618e-01	7.143563e-01	1.500280e-01	
39  293.014	5.377461e-01	8.635759e-01	7.188307e-01	1.475579e-01	
13  293.52	5.374672e-01	8.700880e-01	7.217941e-01	1.600575e-01	
4  292.299	5.318823e-01	8.344091e-01	7.080215e-01	1.451675e-01	
6  292.546	5.603031e-01	8.108685e-01	7.177238e-01	1.532022e-01	
20  292.825	5.948923e-01	8.093169e-01	7.121297e-01	1.559759e-01	
17  292.452	5.678852e-01	8.786899e-01	7.094995e-01	1.423521e-01	
8  292.902	5.383876e-01	8.770503e-01	7.035141e-01	1.338331e-01	
1  295.245	5.251366e-01	8.609404e-01	7.057394e-01	1.594561e-01	
17  293.917	5.602273e-01	8.900941e-01	7.029284e-01	1.503024e-01	
1  294.071	7.930599e-01	9.104287e-01	7.073314e-01	1.461401e-01	
6  293.433	6.638011e-01	8.879172e-01	7.066919e-01	1.489791e-01	
6  293.778	5.699939e-01	9.549915e-01	6.962851e-01	1.389641e-01	
5  292.957	5.158086e-01	9.327612e-01	7.006264e-01	1.416988e-01	
3  294.006	5.795565e-01	8.746555e-01	7.143681e-01	1.593141e-01	
7  293.66	6.347229e-01	8.751961e-01	7.175070e-01	1.569834e-01	
1  293.784	7.658895e-01	8.293485e-01	6.979872e-01	1.389859e-01	
2  293.952	6.687739e-01	8.249162e-01	6.960194e-01	1.355121e-01	
11  293.847	5.207605e-01	8.746334e-01	6.920690e-01	1.271016e-01	
4  293.081	6.493795e-01	8.956218e-01	7.032294e-01	1.336130e-01	
1  292.908	5.339933e-01	8.969252e-01	6.951714e-01	1.305367e-01	
2  295.59	6.241980e-01	8.350206e-01	6.873095e-01	1.361892e-01	
12  293.927	7.223813e-01	9.009167e-01	7.042892e-01	1.471030e-01	
11  293.535	7.199920e-01	8.096474e-01	7.013990e-01	1.436116e-01	
9  292.855	5.752465e-01	8.104331e-01	7.042325e-01	1.464724e-01	
10  293.242	5.824402e-01	8.156832e-01	7.255436e-01	1.614863e-01	
4  295.39	9.429701e-01	8.789988e-01	7.047790e-01	1.481042e-01	
4  294.548	9.719825e-01	8.722721e-01	7.007225e-01	1.306938e-01	
2  293.608	6.786865e-01	9.125551e-01	7.152353e-01	1.469164e-01	
8  296.289	6.400800e-01	8.593301e-01	7.321513e-01	1.723631e-01	
2  295.098	7.136631e-01	9.941918e-01	7.118511e-01	1.396244e-01	
3  294.795	6.473262e-01	9.671814e-01	7.167223e-01	1.422506e-01	
13  293.609	6.447927e-01	9.235322e-01	7.151975e-01	1.450864e-01	
5  293.745	7.653244e-01	8.996548e-01	7.017466e-01	1.306479e-01	
4  293.844	5.100374e-01	8.716697e-01	6.946453e-01	1.429194e-01	
6  293.433	6.403324e-01	8.930642e-01	7.020642e-01	1.456171e-01	
8  292.704	5.556805e-01	8.687485e-01	6.988823e-01	1.379207e-01	
23  292.766	6.443248e-01	8.150110e-01	7.086320e-01	1.465207e-01	
20  293.159	6.146007e-01	9.304676e-01	7.109988e-01	1.434618e-01	
18  293.714	5.326703e-01	8.056357e-01	7.222172e-01	1.492444e-01	
3  293.841	5.779575e-01	8.292295e-01	7.219593e-01	1.480378e-01	
2  293.623	6.211638e-01	8.722999e-01	7.159745e-01	1.418138e-01	
7  293.423	5.639175e-01	8.741331e-01	7.054958e-01	1.514605e-01	
10  293.975	9.115222e-01	8.686652e-01	7.017668e-01	1.341810e-01	
1  293.847	8.417986e-01	8.921663e-01	7.105782e-01	1.440199e-01	
17  292.925	5.182529e-01	8.963531e-01	7.084745e-01	1.502567e-01	
5  293.007	5.986787e-01	9.749405e-01	6.997947e-01	1.307467e-01	
6  293.457	6.788077e-01	9.875493e-01	6.949740e-01	1.275437e-01	
1  294.025	7.097495e-01	9.645311e-01	6.980407e-01	1.239578e-01	
2  292.883	6.704771e-01	9.018460e-01	7.070193e-01	1.422709e-01	
6  293.609	7.835767e-01	8.415016e-01	7.178231e-01	1.537453e-01	
1  294.341	7.659060e-01	8.451456e-01	7.224836e-01	1.497194e-01	
4  292.711	6.182998e-01	9.077368e-01	7.001667e-01	1.365990e-01	
2  295.751	8.239386e-01	8.647144e-01	7.161660e-01	1.612316e-01	
3  294.036	7.481722e-01	8.682115e-01	7.209157e-01	1.532967e-01	
8  293.55	5.161915e-01	9.268450e-01	7.143353e-01	1.516647e-01	
14  294	7.274097e-01	9.847193e-01	6.887755e-01	1.246557e-01	
1  295.134	9.849903e-01	9.171257e-01	6.891277e-01	1.252290e-01	
5  294.69	9.347688e-01	8.842120e-01	7.049514e-01	1.314438e-01	
2  293.647	7.952323e-01	8.002383e-01	7.098133e-01	1.427697e-01	
3  293.308	7.358891e-01	8.495620e-01	7.035123e-01	1.371674e-01	
2  295.725	9.924291e-01	8.138406e-01	6.976873e-01	1.275198e-01	
3  295.527	9.034945e-01	8.436048e-01	7.058981e-01	1.300719e-01	
1  293.816	8.295044e-01	8.514452e-01	7.132677e-01	1.425741e-01	
2  293.179	7.305781e-01	8.950653e-01	7.088909e-01	1.404545e-01	
7  294.687	8.321027e-01	8.036924e-01	7.279347e-01	1.595856e-01	
11  294.768	9.321215e-01	9.129198e-01	7.100905e-01	1.393956e-01	
16  294.498	8.018643e-01	9.278530e-01	6.985430e-01	1.406858e-01	
14  298.575	8.750609e-01	8.320418e-01	7.369849e-01	1.754618e-01	
1  297.429	6.925832e-01	8.654412e-01	7.354308e-01	1.735610e-01	
21  297.738	5.789055e-01	8.593787e-01	7.290036e-01	1.788965e-01	
3  295.537	6.923765e-01	8.753582e-01	7.300037e-01	1.621067e-01	
3  294.12	7.146598e-01	9.168129e-01	7.134202e-01	1.501995e-01	
8  293.712	7.589268e-01	8.979426e-01	7.090151e-01	1.475763e-01	
9  293.553	6.285603e-01	8.939671e-01	7.097039e-01	1.516842e-01	
5  293.358	6.261126e-01	9.277515e-01	7.007175e-01	1.285346e-01	
7  292.749	5.162086e-01	9.124928e-01	7.091806e-01	1.367072e-01	
8  293.029	6.148554e-01	8.606429e-01	7.004046e-01	1.429964e-01	
20  294.074	5.225061e-01	8.732393e-01	7.030611e-01	1.527494e-01	
8  294.6	6.929397e-01	9.060111e-01	6.923814e-01	1.390638e-01	
9  293.49	7.781352e-01	8.488209e-01	7.042305e-01	1.367897e-01	
22  293.548	6.393050e-01	8.779109e-01	7.085018e-01	1.523011e-01	
2  294.028	5.876944e-01	9.875872e-01	7.019448e-01	1.245074e-01	
7  293.185	6.992417e-01	9.402937e-01	6.986093e-01	1.336348e-01	
6  293.218	5.599500e-01	8.158989e-01	7.108792e-01	1.583483e-01	
6  293.402	7.200013e-01	8.441942e-01	7.161342e-01	1.554983e-01	
18  294.585	7.446031e-01	8.000533e-01	7.245957e-01	1.689793e-01	
3  295.273	7.152392e-01	8.725030e-01	6.989024e-01	1.496732e-01	
10  293.576	6.326310e-01	9.201037e-01	6.902180e-01	1.278358e-01	
8  293.482	6.943366e-01	8.683972e-01	7.064037e-01	1.353376e-01	
1  293.052	6.152326e-01	9.239818e-01	6.942724e-01	1.310042e-01	
1  292.604	5.664680e-01	8.983196e-01	7.069962e-01	1.375691e-01	
20  293.244	7.253488e-01	8.501008e-01	7.138783e-01	1.449878e-01	
7  293.907	8.499226e-01	8.842805e-01	6.988159e-01	1.389933e-01	
6  292.49	5.484486e-01	8.200866e-01	7.078537e-01	1.450911e-01	
10  292.607	5.938997e-01	8.221903e-01	7.076785e-01	1.485377e-01	
3  294.083	6.300823e-01	9.415646e-01	7.166094e-01	1.454909e-01	
5  294.641	7.943099e-01	9.157597e-01	7.156727e-01	1.494114e-01	
9  294.904	9.627814e-01	8.589612e-01	7.007051e-01	1.439645e-01	
4  293.489	8.258070e-01	8.041337e-01	7.162104e-01	1.512193e-01	
4  292.934	5.507219e-01	8.784391e-01	7.183303e-01	1.525573e-01	
9  293.472	5.384296e-01	8.061248e-01	7.185910e-01	1.661658e-01	
25  292.697	5.925085e-01	8.104890e-01	7.109667e-01	1.537014e-01	
3  294.527	5.130899e-01	8.659330e-01	7.129441e-01	1.624286e-01	
1  292.886	6.043049e-01	8.770109e-01	7.014832e-01	1.346036e-01	
1  296.111	9.713223e-01	8.267887e-01	7.190289e-01	1.405750e-01	
1  293.964	6.712504e-01	8.277463e-01	7.123504e-01	1.395284e-01	
4  293.257	6.397750e-01	9.128243e-01	7.127262e-01	1.414516e-01	
3  294.459	7.749728e-01	9.345235e-01	7.016434e-01	1.429272e-01	
2  294.993	7.560045e-01	9.057103e-01	7.204889e-01	1.545560e-01	
5  295.95	9.614001e-01	9.031305e-01	7.168887e-01	1.478094e-01	
1  295.102	8.596394e-01	9.532306e-01	7.042775e-01	1.414492e-01	
7  294.306	6.797425e-01	9.278426e-01	6.997764e-01	1.441265e-01	
1  294.633	9.689749e-01	8.406178e-01	6.954574e-01	1.315681e-01	
3  294.071	9.029177e-01	8.928027e-01	7.046894e-01	1.345427e-01	
1  294.047	7.929199e-01	9.641972e-01	6.944753e-01	1.240464e-01	
12  293.275	7.167376e-01	9.292818e-01	7.018674e-01	1.322999e-01	
4  293.711	7.322033e-01	9.055115e-01	6.963416e-01	1.278786e-01	
9  293.729	8.866127e-01	8.519315e-01	7.059812e-01	1.385576e-01	
8  293.515	7.300764e-01	9.094075e-01	6.941953e-01	1.315121e-01	
10  293.696	7.126492e-01	9.037659e-01	6.946644e-01	1.276396e-01	
1  295.201	7.210483e-01	9.998343e-01	7.091287e-01	1.302824e-01	
11  292.419	5.353497e-01	9.340255e-01	7.008954e-01	1.351816e-01	
1  293.612	6.166708e-01	9.923163e-01	6.930438e-01	1.212498e-01	
5  293.197	6.540683e-01	9.562316e-01	7.007535e-01	1.300018e-01	
2  294.072	6.415496e-01	9.402972e-01	7.082052e-01	1.477739e-01	
4  294.689	5.390448e-01	9.529328e-01	6.826702e-01	1.273776e-01	
3  293.618	6.187638e-01	9.508646e-01	7.049238e-01	1.432719e-01	
6  293.818	6.723947e-01	8.307789e-01	7.096028e-01	1.569817e-01	
6  292.998	6.846804e-01	8.858073e-01	7.032899e-01	1.358610e-01	
13  293.958	7.440529e-01	8.516649e-01	6.997124e-01	1.318229e-01	
4  294.026	5.092362e-01	8.429342e-01	6.931698e-01	1.412145e-01	
7  293.25	6.161786e-01	8.170539e-01	7.010718e-01	1.399216e-01	
8  293.785	6.338052e-01	9.940290e-01	6.986471e-01	1.239959e-01	
4  293.409	7.654824e-01	8.891588e-01	7.114057e-01	1.451613e-01	
19  292.419	5.862716e-01	8.598247e-01	7.091925e-01	1.455452e-01	
3  293.455	7.003707e-01	8.131192e-01	7.075946e-01	1.404573e-01	
29  292.705	5.267364e-01	8.167105e-01	7.036490e-01	1.429158e-01	
3  295.112	6.876754e-01	8.888310e-01	6.945312e-01	1.223108e-01	
7  293.52	7.539708e-01	8.580144e-01	7.013049e-01	1.345147e-01	
13  293.567	7.852439e-01	8.560111e-01	6.986580e-01	1.358120e-01	
2  293.967	6.428605e-01	9.921386e-01	7.066948e-01	1.325680e-01	
12  293.024	5.547282e-01	9.303055e-01	7.124520e-01	1.445542e-01	
16  293.177	5.426722e-01	9.811979e-01	7.006548e-01	1.269423e-01	
15  294.787	5.602053e-01	9.876383e-01	7.062604e-01	1.252107e-01	
3  293.81	6.310249e-01	9.954336e-01	7.055991e-01	1.348840e-01	
7  295.411	5.786683e-01	9.730046e-01	7.099752e-01	1.503735e-01	
5  294.715	5.205831e-01	8.610710e-01	7.213192e-01	1.676172e-01	
2  293.086	5.434013e-01	9.074907e-01	7.163051e-01	1.451833e-01	
2  293.437	5.844263e-01	8.317267e-01	7.258164e-01	1.585205e-01	
7  293.79	7.240234e-01	8.367532e-01	7.226521e-01	1.584488e-01	
4  294.375	5.201074e-01	8.969183e-01	6.989050e-01	1.244371e-01	
3  294.372	7.277826e-01	9.155085e-01	7.121555e-01	1.354221e-01	
7  293.588	5.202990e-01	8.368791e-01	7.118185e-01	1.385323e-01	
1  293.096	5.602183e-01	8.815926e-01	7.098157e-01	1.370659e-01	
2  293.153	5.716933e-01	8.458698e-01	7.204579e-01	1.498312e-01	
15  293.485	6.514866e-01	8.436238e-01	7.099574e-01	1.387038e-01	
20  293.566	7.059339e-01	8.269511e-01	6.999495e-01	1.372123e-01	
10  295.927	7.982907e-01	8.256553e-01	6.870953e-01	1.278710e-01	
2  293.099	6.306854e-01	9.032960e-01	6.971107e-01	1.375210e-01	
2  293.507	5.391537e-01	8.516060e-01	7.127090e-01	1.593220e-01	
4  293.685	5.542250e-01	8.948337e-01	7.153610e-01	1.564156e-01	
6  293.529	5.701927e-01	8.911108e-01	7.210012e-01	1.537434e-01	
6  293.868	6.272795e-01	8.907402e-01	7.207505e-01	1.480297e-01	
5  293.422	8.398345e-01	8.542719e-01	7.075735e-01	1.417763e-01	
3  294.404	8.707533e-01	8.435926e-01	7.118078e-01	1.542168e-01	
1  295.563	6.356267e-01	9.690584e-01	6.966670e-01	1.430297e-01	
1  294.288	6.586640e-01	9.328110e-01	7.128438e-01	1.505442e-01	
14  293.018	5.233594e-01	9.355395e-01	6.911525e-01	1.301767e-01	
10  292.984	6.763960e-01	8.446231e-01	7.113777e-01	1.518741e-01	
11  292.86	6.363867e-01	8.507514e-01	7.143507e-01	1.463496e-01	
2  292.972	5.930881e-01	9.150987e-01	7.112621e-01	1.463246e-01	
4  292.862	5.629770e-01	9.145150e-01	7.125414e-01	1.459530e-01	
2  293.297	6.500943e-01	8.345215e-01	7.016789e-01	1.370035e-01	
9  293.334	5.934662e-01	8.250372e-01	7.000836e-01	1.452369e-01	
9  292.356	5.571133e-01	8.679794e-01	7.114747e-01	1.468452e-01	
2  294.405	6.207882e-01	9.318770e-01	7.091919e-01	1.305566e-01	
5  293.019	6.052858e-01	9.128635e-01	7.115754e-01	1.466281e-01	
2  293.674	6.423178e-01	8.065831e-01	7.125925e-01	1.421851e-01	
1  294.072	7.178658e-01	9.556611e-01	6.962160e-01	1.367791e-01	
1  293.967	7.286806e-01	9.174274e-01	6.992735e-01	1.267953e-01	
4  292.756	6.338853e-01	8.857386e-01	7.109745e-01	1.438355e-01	
1  294.834	5.364696e-01	9.842612e-01	7.101764e-01	1.472805e-01	
16  292.631	5.787773e-01	9.122251e-01	7.072933e-01	1.430943e-01	
35  293.349	6.893905e-01	8.176135e-01	7.160679e-01	1.590117e-01	
1  292.775	5.513573e-01	8.699901e-01	7.105262e-01	1.398285e-01	
2  293.744	5.322602e-01	8.575436e-01	6.988771e-01	1.476526e-01	
2  294.023	6.468638e-01	8.070053e-01	7.262758e-01	1.683252e-01	
8  294.613	7.172714e-01	9.022212e-01	7.162367e-01	1.554292e-01	
1  294.436	5.837401e-01	8.780987e-01	7.198792e-01	1.625426e-01	
3  294.138	7.566089e-01	9.814002e-01	7.045897e-01	1.345361e-01	
7  293.13	5.807818e-01	9.281825e-01	7.110234e-01	1.384897e-01	
1  294.212	7.848786e-01	9.457816e-01	6.943039e-01	1.230914e-01	
5  294.259	7.503543e-01	9.203122e-01	7.113353e-01	1.356078e-01	
6  294.046	6.619804e-01	9.260418e-01	7.163572e-01	1.422106e-01	
14  293.444	5.740982e-01	8.815112e-01	6.985845e-01	1.293818e-01	
3  294.669	7.094126e-01	8.834547e-01	7.233376e-01	1.488299e-01	
31  295.471	8.449234e-01	8.640196e-01	7.203281e-01	1.423509e-01	
5  295.25	8.114881e-01	8.331364e-01	7.180878e-01	1.407118e-01	
5  294.59	8.669376e-01	8.971193e-01	7.145101e-01	1.478742e-01	
33  293.635	8.390867e-01	8.236097e-01	7.138014e-01	1.531389e-01	
11  293.843	8.592793e-01	8.988861e-01	7.057183e-01	1.414369e-01	
14  293.14	6.646523e-01	9.403071e-01	7.058932e-01	1.361746e-01	
5  293.822	7.386360e-01	8.958823e-01	7.036152e-01	1.311321e-01	
6  293.726	8.299959e-01	8.261828e-01	7.101866e-01	1.411098e-01	
2  293.828	7.075045e-01	8.012840e-01	7.042163e-01	1.517094e-01	
1  293.832	7.693039e-01	9.426077e-01	7.079086e-01	1.389807e-01	
1  293.878	7.721168e-01	8.925204e-01	7.011451e-01	1.300468e-01	
28  292.674	5.377853e-01	9.069871e-01	6.959774e-01	1.337884e-01	
9  293.534	7.406611e-01	8.758164e-01	6.998028e-01	1.322893e-01	
4  293.386	6.231518e-01	9.012660e-01	7.164943e-01	1.453877e-01	
3  293.899	7.627749e-01	9.424651e-01	6.940179e-01	1.332179e-01	
15  293.418	5.246200e-01	8.451839e-01	7.022105e-01	1.334184e-01	
9  293.244	6.174985e-01	8.600703e-01	7.042242e-01	1.490576e-01	
5  293.891	8.008997e-01	8.776204e-01	7.011185e-01	1.437332e-01	
1  294.814	8.050251e-01	8.527944e-01	7.045841e-01	1.525217e-01	
8  294.287	7.562234e-01	9.752874e-01	6.975549e-01	1.230905e-01	
12  293.239	6.539736e-01	9.300758e-01	7.098202e-01	1.392618e-01	
35  292.761	5.287825e-01	9.340642e-01	7.015014e-01	1.406580e-01	
11  293.621	5.433734e-01	9.882278e-01	6.864967e-01	1.188257e-01	
4  294.367	9.027735e-01	9.158776e-01	6.928541e-01	1.298545e-01	
10  293.792	8.485587e-01	8.943568e-01	6.990478e-01	1.373799e-01	
12  293.783	6.855472e-01	9.009507e-01	6.948908e-01	1.382991e-01	
6  296.503	8.287380e-01	8.367222e-01	6.958400e-01	1.497792e-01	
9  294.875	9.740020e-01	8.397120e-01	6.952368e-01	1.292658e-01	
5  294.696	8.093340e-01	8.786101e-01	6.895904e-01	1.262829e-01	
1  294.649	7.499031e-01	9.563810e-01	7.036099e-01	1.260879e-01	
18  294.403	6.247534e-01	8.633205e-01	6.891335e-01	1.296892e-01	
7  293.494	6.870430e-01	8.291003e-01	7.007636e-01	1.369227e-01	
4  293.561	5.889208e-01	9.094348e-01	6.952132e-01	1.258878e-01	
3  293.747	5.603301e-01	8.618487e-01	7.241642e-01	1.615865e-01	
10  293.987	5.140272e-01	8.808595e-01	7.203627e-01	1.618625e-01	
3  293.63	5.247852e-01	8.903808e-01	7.049861e-01	1.515061e-01	
5  295.968	5.133605e-01	9.150711e-01	7.180470e-01	1.639074e-01	
5  296.499	6.795649e-01	8.501141e-01	7.105590e-01	1.650618e-01	
5  295.266	5.489837e-01	8.857273e-01	7.024264e-01	1.546788e-01	
5  295.097	7.822323e-01	9.566212e-01	7.046335e-01	1.443458e-01	
15  292.435	5.371131e-01	9.057163e-01	7.047290e-01	1.426856e-01	
3  293.261	6.052372e-01	8.035062e-01	7.238818e-01	1.560829e-01	
8  292.542	5.187902e-01	8.036530e-01	7.215252e-01	1.596321e-01	
17  293.934	5.300401e-01	8.032148e-01	7.328113e-01	1.656801e-01	
11  292.893	6.746682e-01	8.474902e-01	7.145380e-01	1.502778e-01	
7  292.733	5.765370e-01	9.486394e-01	6.991146e-01	1.309947e-01	
1  292.947	5.506490e-01	8.673610e-01	6.966377e-01	1.351498e-01	
4  293.493	7.472136e-01	8.646555e-01	7.026852e-01	1.451746e-01	
53  292.398	5.208831e-01	8.744709e-01	7.058359e-01	1.466828e-01	
2  293.964	5.065839e-01	9.491961e-01	6.890336e-01	1.187459e-01	
2  294.81	7.489563e-01	8.903675e-01	7.047525e-01	1.284352e-01	
2  293.003	6.442732e-01	8.426295e-01	7.135975e-01	1.445909e-01	
8  294.271	7.872757e-01	9.302050e-01	6.888754e-01	1.278464e-01	
2  293.723	7.495218e-01	9.183465e-01	7.002284e-01	1.406119e-01	
5  293.449	6.194082e-01	9.013069e-01	6.935768e-01	1.280045e-01	
2  293.336	5.612504e-01	9.046093e-01	6.994570e-01	1.437551e-01	
12  292.242	5.212012e-01	8.529669e-01	7.056705e-01	1.433568e-01	
11  295.211	6.455473e-01	9.666620e-01	7.074336e-01	1.483860e-01	
7  294.352	7.964932e-01	8.559866e-01	7.222258e-01	1.552318e-01	
4  294.623	9.105925e-01	8.391000e-01	6.986206e-01	1.304251e-01	
3  296.741	9.562830e-01	9.315074e-01	6.982706e-01	1.186832e-01	
1  295.105	7.542024e-01	9.177611e-01	6.859819e-01	1.197406e-01	
3  295.02	9.406469e-01	8.902844e-01	6.980230e-01	1.406733e-01	
3  294.349	6.141291e-01	9.573868e-01	6.851156e-01	1.275268e-01	
3  294.722	6.029767e-01	9.605055e-01	7.014212e-01	1.451559e-01	
24  293.339	5.470713e-01	9.937888e-01	6.919354e-01	1.294347e-01	
1  294.631	5.641165e-01	9.947687e-01	6.803974e-01	1.141282e-01	
4  293.303	5.100210e-01	9.455089e-01	7.066531e-01	1.458092e-01	
8  292.295	5.405021e-01	8.736756e-01	7.081562e-01	1.419332e-01	
6  293.602	6.544750e-01	9.036276e-01	6.924241e-01	1.278470e-01	
15  293.554	8.619690e-01	8.069672e-01	7.094613e-01	1.494474e-01	
4  293.369	6.935575e-01	8.414443e-01	7.028925e-01	1.364690e-01	
9  294.874	8.785619e-01	8.954518e-01	6.924717e-01	1.234831e-01	
6  294.605	9.260136e-01	8.848047e-01	6.916649e-01	1.293228e-01	
3  294.486	9.286174e-01	8.023240e-01	7.219161e-01	1.557832e-01	
3  294.926	8.092431e-01	8.871375e-01	7.139863e-01	1.364868e-01	
3  296.588	8.677496e-01	9.027840e-01	7.035244e-01	1.228978e-01	
2  293.028	7.180762e-01	8.074262e-01	7.100412e-01	1.505473e-01	
13  294.705	8.322966e-01	8.196809e-01	6.945730e-01	1.321700e-01	
1  294.319	6.140086e-01	8.427265e-01	7.068746e-01	1.571966e-01	
13  296.316	6.655940e-01	8.063152e-01	7.159165e-01	1.720013e-01	
5  299.08	6.538057e-01	9.192898e-01	7.066673e-01	1.624151e-01	
2  296.365	5.013264e-01	9.008258e-01	7.176152e-01	1.668457e-01	
2  294.811	8.857712e-01	8.613018e-01	7.175229e-01	1.430710e-01	
6  292.965	6.122506e-01	8.217302e-01	7.201979e-01	1.532794e-01	
4  293.253	8.014834e-01	8.595475e-01	7.072913e-01	1.423035e-01	
5  295.219	6.714366e-01	8.567197e-01	7.313154e-01	1.595800e-01	
5  294.66	6.482887e-01	8.901688e-01	7.257401e-01	1.559540e-01	
6  294.592	7.903056e-01	8.053277e-01	7.279556e-01	1.654239e-01	
1  295.114	9.024508e-01	9.898840e-01	7.001948e-01	1.303677e-01	
4  294.754	7.563217e-01	9.570534e-01	7.038651e-01	1.433800e-01	
1  294.682	8.754469e-01	8.585511e-01	7.158379e-01	1.549528e-01	
11  294.674	8.640141e-01	8.354241e-01	6.927802e-01	1.322842e-01	
3  293.256	7.147640e-01	8.649655e-01	7.090998e-01	1.392926e-01	
10  293.024	7.360845e-01	8.456336e-01	7.080197e-01	1.427829e-01	
21  292.661	6.205068e-01	8.829420e-01	7.081991e-01	1.406010e-01	
61  293.584	5.407422e-01	8.238896e-01	7.191165e-01	1.654739e-01	
3  293.612	6.684286e-01	8.399403e-01	7.022064e-01	1.484670e-01	
21  295.214	6.155175e-01	9.586434e-01	6.919541e-01	1.391785e-01	
4  293.303	5.604800e-01	9.202532e-01	6.906652e-01	1.305038e-01	
2  293.324	5.817332e-01	9.277310e-01	6.909892e-01	1.308154e-01	
3  296.143	8.064640e-01	8.687717e-01	6.917409e-01	1.432127e-01	
1  293.923	9.098232e-01	8.147060e-01	7.032768e-01	1.444120e-01	
4  294.203	7.112959e-01	9.450483e-01	6.932378e-01	1.216532e-01	
2  293.994	8.034138e-01	9.487365e-01	6.930547e-01	1.249354e-01	
1  292.837	6.932032e-01	8.367942e-01	7.107302e-01	1.489333e-01	
14  293.278	7.727967e-01	8.110522e-01	7.152431e-01	1.493202e-01	
9  294.962	9.338106e-01	9.347448e-01	7.079737e-01	1.366556e-01	
19  294.266	9.077853e-01	9.352762e-01	6.997493e-01	1.314129e-01	
1  294.201	8.845979e-01	9.360447e-01	6.948316e-01	1.299725e-01	
1  293.957	7.537919e-01	9.292768e-01	7.077384e-01	1.446102e-01	
6  293.912	8.698650e-01	9.067542e-01	7.033854e-01	1.391802e-01	
4  294.741	7.177803e-01	8.930624e-01	6.932085e-01	1.406452e-01	
6  294.489	5.721079e-01	8.979001e-01	7.033527e-01	1.518727e-01	
8  294.61	6.992992e-01	8.227717e-01	7.306070e-01	1.639070e-01	
3  293.172	5.143963e-01	8.637718e-01	7.222693e-01	1.513770e-01	
3  292.566	5.224749e-01	9.051982e-01	6.973915e-01	1.366765e-01	
13  294.704	5.561058e-01	8.143658e-01	6.971684e-01	1.308372e-01	
5  294.606	7.439980e-01	8.064009e-01	6.980403e-01	1.469621e-01	
2  295.627	8.196317e-01	8.383010e-01	6.929347e-01	1.249780e-01	
23  292.537	5.665642e-01	8.058796e-01	7.093804e-01	1.494410e-01	
19  292.668	5.595974e-01	8.846000e-01	7.119049e-01	1.419826e-01	
4  294.33	5.667207e-01	9.163446e-01	7.155206e-01	1.561826e-01	
2  293.467	7.332046e-01	8.417188e-01	7.147414e-01	1.553937e-01	
12  293.634	8.519052e-01	8.662288e-01	7.068337e-01	1.383856e-01	
3  293.355	7.899072e-01	8.902251e-01	7.005189e-01	1.364129e-01	
17  294.994	9.014845e-01	8.126694e-01	7.150003e-01	1.402898e-01	
1  293.615	8.832068e-01	8.279227e-01	7.100691e-01	1.439919e-01	
4  294.502	8.636025e-01	8.255023e-01	7.093600e-01	1.550637e-01	
1  293.498	7.237108e-01	8.094735e-01	7.129337e-01	1.575694e-01	
3  293.576	7.703396e-01	8.212134e-01	7.034850e-01	1.385273e-01	
1  295.23	7.862002e-01	9.035618e-01	6.852534e-01	1.291810e-01	
4  294.422	7.192101e-01	9.651687e-01	6.863663e-01	1.267974e-01	
1  294.498	7.693707e-01	8.897263e-01	7.013795e-01	1.470267e-01	
16  295.33	6.349710e-01	8.807981e-01	7.060446e-01	1.568603e-01	
2  294.39	6.283746e-01	8.907116e-01	7.245732e-01	1.563625e-01	
5  293.375	5.290389e-01	8.072481e-01	7.285645e-01	1.611251e-01	
10  293.303	6.993823e-01	8.952578e-01	7.129872e-01	1.434060e-01	
2  294.458	8.968667e-01	8.564651e-01	7.052268e-01	1.329726e-01	
3  296.032	9.205340e-01	8.497444e-01	6.905250e-01	1.222587e-01	
11  295.447	8.073824e-01	9.652720e-01	7.081120e-01	1.283127e-01	
7  296.717	7.155378e-01	9.639788e-01	7.212539e-01	1.389063e-01	
18  297.343	6.464724e-01	8.053085e-01	7.237971e-01	1.408080e-01	
2  297.275	7.722955e-01	8.029503e-01	7.155425e-01	1.344613e-01	
7  297.097	6.631578e-01	9.184570e-01	7.314702e-01	1.518969e-01	
7  295.257	8.398921e-01	9.238673e-01	7.093766e-01	1.306941e-01	
1  294.514	7.406328e-01	8.604653e-01	7.092322e-01	1.339053e-01	
10  294.436	8.059450e-01	9.677742e-01	6.916767e-01	1.207064e-01	
5  292.933	5.315248e-01	9.752118e-01	6.936122e-01	1.302707e-01	
3  293.391	5.058696e-01	9.203165e-01	7.142987e-01	1.385465e-01	
1  294.115	8.079530e-01	8.719109e-01	7.033471e-01	1.316201e-01	
1  293.606	6.462842e-01	9.487519e-01	6.894405e-01	1.247777e-01	
5  293.048	6.836372e-01	9.102794e-01	6.983229e-01	1.347637e-01	
12  293.287	5.221986e-01	8.545570e-01	7.242591e-01	1.600945e-01	
1  294.44	5.017966e-01	8.968506e-01	7.127377e-01	1.592247e-01	
6  294.214	6.766759e-01	8.131065e-01	7.013638e-01	1.508884e-01	
12  296.362	6.138270e-01	8.986642e-01	6.825288e-01	1.161946e-01	
1  295.393	8.544301e-01	9.152055e-01	6.944241e-01	1.400837e-01	
5  294.971	9.742773e-01	9.451059e-01	6.937630e-01	1.243153e-01	
1  295.223	8.844190e-01	8.646152e-01	7.212541e-01	1.466087e-01	
2  293.33	7.705642e-01	8.026976e-01	7.108215e-01	1.454426e-01	
1  294.437	5.664154e-01	8.032035e-01	7.045438e-01	1.348122e-01	
7  294.482	7.223479e-01	9.354628e-01	7.089934e-01	1.314557e-01	
1  297.047	7.001723e-01	9.313093e-01	7.105538e-01	1.253504e-01	
2  295.82	8.485642e-01	8.734752e-01	7.191985e-01	1.396181e-01	
4  296.144	9.506713e-01	8.723800e-01	7.230521e-01	1.533469e-01	
6  295.756	8.750393e-01	8.086304e-01	7.242689e-01	1.683666e-01	
4  295.215	7.710664e-01	8.381019e-01	7.126234e-01	1.617687e-01	
2  294.484	8.074113e-01	8.505478e-01	7.202952e-01	1.587340e-01	
20  292.412	5.245389e-01	8.693338e-01	7.149063e-01	1.499604e-01	
17  293.478	8.226938e-01	8.767631e-01	7.064096e-01	1.431916e-01	
5  293.205	6.418813e-01	8.659249e-01	7.038304e-01	1.475299e-01	
1  293.13	5.003330e-01	8.447545e-01	7.077159e-01	1.368572e-01	
9  294.046	5.508333e-01	9.370379e-01	6.884854e-01	1.331049e-01	
14  293.262	5.755010e-01	9.447775e-01	6.955254e-01	1.249684e-01	
14  293.495	6.414973e-01	9.798635e-01	6.910485e-01	1.230703e-01	
4  295.546	7.192288e-01	9.088412e-01	6.991436e-01	1.219021e-01	
2  294.667	7.037020e-01	9.161752e-01	7.135474e-01	1.352516e-01	
3  294.247	6.788978e-01	9.123859e-01	7.105869e-01	1.335641e-01	
29  294.155	5.124719e-01	8.099061e-01	7.201296e-01	1.449987e-01	
1  294.38	7.000732e-01	8.311713e-01	7.268832e-01	1.549013e-01	
1  293.12	5.286294e-01	8.951027e-01	7.016855e-01	1.461039e-01	
1  292.78	6.575546e-01	8.921313e-01	7.060652e-01	1.426584e-01	
7  293.11	5.661008e-01	8.066525e-01	7.206878e-01	1.514222e-01	
1  293.184	7.211891e-01	8.856234e-01	7.095744e-01	1.402769e-01	
1  293.046	6.399901e-01	8.766587e-01	7.113335e-01	1.406805e-01	
28  292.918	5.500655e-01	9.092458e-01	7.020893e-01	1.311511e-01	
1  293.746	8.264434e-01	8.560970e-01	7.153128e-01	1.500791e-01	
1  294.234	7.604442e-01	8.265121e-01	7.253594e-01	1.557979e-01	
11  293.304	6.923387e-01	9.473674e-01	7.053175e-01	1.371503e-01	
20  292.98	5.009446e-01	9.494454e-01	7.073703e-01	1.331854e-01	
2  295.037	7.291844e-01	9.028118e-01	7.237123e-01	1.506770e-01	
8  294.625	8.654491e-01	8.474404e-01	7.126229e-01	1.379700e-01	
5  294.584	7.923267e-01	8.011664e-01	6.953785e-01	1.375285e-01	
2  293.62	8.138726e-01	8.196906e-01	7.175771e-01	1.550590e-01	
3  294.215	6.166360e-01	9.336750e-01	7.134135e-01	1.513750e-01	
4  293.877	6.742399e-01	8.780685e-01	7.176927e-01	1.565285e-01	
11  294.471	5.017836e-01	8.675809e-01	7.207392e-01	1.661430e-01	
4  294.21	7.155346e-01	8.385219e-01	7.244533e-01	1.624220e-01	
2  292.772	5.298105e-01	9.763514e-01	6.942958e-01	1.276094e-01	
2  294.201	6.200618e-01	8.093949e-01	6.951077e-01	1.369956e-01	
2  294.109	5.405620e-01	9.709747e-01	6.861397e-01	1.290117e-01	
14  292.888	5.503834e-01	9.735229e-01	6.960832e-01	1.316289e-01	
43  292.433	5.318328e-01	9.030548e-01	7.001474e-01	1.385275e-01	
7  293.055	6.386791e-01	8.337357e-01	7.185896e-01	1.572666e-01	
19  292.675	5.287250e-01	9.172428e-01	6.966415e-01	1.363145e-01	
6  292.632	5.355367e-01	8.934801e-01	7.007045e-01	1.419169e-01	
4  293.304	6.870625e-01	8.533310e-01	7.179500e-01	1.545720e-01	
13  293.277	6.946545e-01	8.174213e-01	7.208273e-01	1.550340e-01	
10  294.49	7.861239e-01	8.786098e-01	7.151448e-01	1.552770e-01	
17  295.418	6.075805e-01	8.124345e-01	7.143174e-01	1.687577e-01	
3  292.971	5.803172e-01	8.827309e-01	7.029215e-01	1.458906e-01	
9  292.686	5.635538e-01	8.554029e-01	7.021164e-01	1.377621e-01	
18  293.648	7.983305e-01	8.042144e-01	7.024679e-01	1.422427e-01	
6  293.732	6.720837e-01	8.778505e-01	7.061516e-01	1.507410e-01	
5  294.568	6.885633e-01	8.896534e-01	7.189767e-01	1.583999e-01	
6  294.92	8.269377e-01	8.331343e-01	7.036121e-01	1.311148e-01	
2  294.405	8.245783e-01	8.691535e-01	6.960314e-01	1.278331e-01	
6  293.544	6.240479e-01	8.825746e-01	7.088915e-01	1.525029e-01	
37  292.475	5.550639e-01	9.171856e-01	7.043669e-01	1.404692e-01	
7  294.003	5.718328e-01	8.769969e-01	7.197629e-01	1.435210e-01	
10  294.458	6.282310e-01	9.291484e-01	7.204334e-01	1.503854e-01	
8  294.103	6.482646e-01	9.527998e-01	7.013174e-01	1.426781e-01	
3  293.27	6.781476e-01	9.094275e-01	7.053206e-01	1.338809e-01	
10  292.792	5.948643e-01	8.139217e-01	7.134788e-01	1.566119e-01	
2  296.141	6.532815e-01	8.412423e-01	7.005506e-01	1.563746e-01	
11  293.751	6.185334e-01	9.566684e-01	7.049303e-01	1.431811e-01	
1  294.542	5.280089e-01	8.333622e-01	7.295281e-01	1.716096e-01	
3  293.564	5.464820e-01	8.124733e-01	7.279392e-01	1.673767e-01	
1  293.696	7.402823e-01	8.571398e-01	7.176281e-01	1.552708e-01	
1  293.265	7.423329e-01	8.670554e-01	7.035331e-01	1.441918e-01	
10  294.932	7.211420e-01	8.554796e-01	7.007470e-01	1.510824e-01	
7  293.749	8.769444e-01	8.292166e-01	7.044706e-01	1.385577e-01	
7  293.574	5.126177e-01	8.007603e-01	7.009255e-01	1.380158e-01	
4  295.763	5.348557e-01	8.868738e-01	6.804151e-01	1.242080e-01	
2  296.946	5.725810e-01	8.667370e-01	7.001494e-01	1.214523e-01	
5  294.3	7.636214e-01	9.048525e-01	6.937788e-01	1.245683e-01	
6  294.56	7.801143e-01	9.013582e-01	7.193857e-01	1.483629e-01	
1  295.016	7.533804e-01	9.297848e-01	7.180737e-01	1.415547e-01	
1  293.302	6.285409e-01	9.494251e-01	7.091061e-01	1.398046e-01	
3  295.931	8.264788e-01	9.261622e-01	7.160937e-01	1.531512e-01	
2  295.004	7.990674e-01	8.881218e-01	7.068480e-01	1.521946e-01	
5  299.615	9.075598e-01	9.687560e-01	7.254822e-01	1.510290e-01	
9  295.314	5.780168e-01	9.408549e-01	7.246300e-01	1.513122e-01	
14  293.965	5.234517e-01	9.261170e-01	7.176766e-01	1.405929e-01	
4  296.354	8.291148e-01	9.782424e-01	7.163707e-01	1.408873e-01	
1  295.932	8.587343e-01	9.498939e-01	7.157953e-01	1.458214e-01	
2  294.135	8.312331e-01	9.424075e-01	7.051771e-01	1.328914e-01	
1  294.307	8.632088e-01	8.190465e-01	6.965086e-01	1.380439e-01	
8  294.488	7.380007e-01	9.328728e-01	6.913673e-01	1.350740e-01	
4  294.075	8.414105e-01	8.448904e-01	7.186942e-01	1.490781e-01	
1  295.415	8.293824e-01	8.697823e-01	7.256386e-01	1.564872e-01	
14  295.225	7.883005e-01	8.653283e-01	7.127947e-01	1.589568e-01	
2  293.983	5.548347e-01	9.132958e-01	6.941977e-01	1.408201e-01	
7  293.674	6.733226e-01	9.932288e-01	6.907538e-01	1.225467e-01	
1  293.415	6.580333e-01	9.377904e-01	6.944578e-01	1.259897e-01	
1  295.517	9.525316e-01	9.369868e-01	6.995080e-01	1.232854e-01	
9  294.103	8.286391e-01	8.408157e-01	7.119550e-01	1.395977e-01	
11  293.377	7.182947e-01	8.152082e-01	7.044043e-01	1.402850e-01	
1  293.465	7.671251e-01	8.372850e-01	7.028461e-01	1.375716e-01	
4  293.962	8.926452e-01	8.609096e-01	6.992613e-01	1.336197e-01	
8  294.895	6.679777e-01	8.789681e-01	6.868520e-01	1.320933e-01	
8  295.142	6.408528e-01	8.841723e-01	6.926626e-01	1.218687e-01	
1  294.136	6.205700e-01	8.891766e-01	6.989447e-01	1.265715e-01	
6  293.809	5.403966e-01	8.872725e-01	6.889695e-01	1.291503e-01	
6  293.046	6.683588e-01	8.059477e-01	7.133348e-01	1.470141e-01	
10  292.964	6.572340e-01	8.086461e-01	7.141869e-01	1.564812e-01	
1  293.764	5.334756e-01	8.401470e-01	6.980709e-01	1.469423e-01	
41  293.895	5.309082e-01	8.284083e-01	7.182896e-01	1.662949e-01	
3  293.75	6.206850e-01	8.939442e-01	7.167334e-01	1.551810e-01	
1  293.743	6.382274e-01	9.318596e-01	7.119440e-01	1.480945e-01	
8  295.101	8.150619e-01	9.571418e-01	7.028566e-01	1.422875e-01	
6  294.769	7.610327e-01	9.132434e-01	6.967064e-01	1.424697e-01	
9  293.637	7.403176e-01	9.544475e-01	6.964909e-01	1.333915e-01	
5  293.123	5.158185e-01	9.873249e-01	6.953206e-01	1.326153e-01	
8  294.043	6.836157e-01	9.793027e-01	7.002980e-01	1.377242e-01	
5  293.323	5.947605e-01	9.550135e-01	7.098883e-01	1.406600e-01	
18  295.084	5.812331e-01	9.956287e-01	6.874697e-01	1.124371e-01	
10  296.116	7.739128e-01	8.865668e-01	7.111034e-01	1.298193e-01	
1  295.039	8.778156e-01	9.857751e-01	6.926765e-01	1.296659e-01	
2  295.06	8.228546e-01	9.987615e-01	6.829521e-01	1.175347e-01	
1  293.898	8.543480e-01	8.530627e-01	7.149604e-01	1.504664e-01	
3  292.741	6.570869e-01	8.513194e-01	7.106292e-01	1.447676e-01	
6  292.898	5.008398e-01	8.030360e-01	7.149924e-01	1.618819e-01	
3  294.976	6.900199e-01	9.152460e-01	6.932311e-01	1.411281e-01	
4  292.994	6.591271e-01	8.841312e-01	7.080417e-01	1.473689e-01	
4  292.973	5.236300e-01	8.968606e-01	7.164690e-01	1.446990e-01	
2  292.536	5.216003e-01	9.158923e-01	7.013623e-01	1.407595e-01	
3  293.289	6.800781e-01	9.576795e-01	6.961876e-01	1.277522e-01	
3  293.599	7.295336e-01	9.423793e-01	6.931018e-01	1.267392e-01	
1  293.651	6.446711e-01	9.114938e-01	6.984044e-01	1.270681e-01	
5  297.421	8.453566e-01	9.273021e-01	6.913750e-01	1.132993e-01	
9  296.241	7.884198e-01	9.045028e-01	6.973734e-01	1.197794e-01	
8  299.235	9.173450e-01	9.342271e-01	6.958724e-01	1.119021e-01	
4  293.472	6.601929e-01	9.514914e-01	6.918207e-01	1.250175e-01	
12  294.65	5.602142e-01	9.324548e-01	6.930367e-01	1.191877e-01	
10  294.914	7.543751e-01	8.936319e-01	7.153328e-01	1.370927e-01	
2  294.131	6.556776e-01	8.612451e-01	6.910499e-01	1.323675e-01	
4  292.788	5.919587e-01	8.866614e-01	6.989357e-01	1.343597e-01	
3  292.571	5.596528e-01	8.797697e-01	7.029597e-01	1.434356e-01	
7  292.846	6.838253e-01	8.833627e-01	7.037612e-01	1.406929e-01	
4  294.661	7.259978e-01	9.943497e-01	7.057099e-01	1.386247e-01	
2  294.073	7.089441e-01	9.210725e-01	6.893813e-01	1.304046e-01	
11  294.217	5.355905e-01	8.394144e-01	6.929179e-01	1.302057e-01	
1  293.275	8.028761e-01	8.329597e-01	7.120777e-01	1.473737e-01	
4  292.899	6.142527e-01	8.373397e-01	7.172011e-01	1.564737e-01	
9  293.161	5.456639e-01	9.062615e-01	7.101965e-01	1.360386e-01	
11  292.42	5.846506e-01	8.500245e-01	7.107913e-01	1.465821e-01	
2  295.135	7.514405e-01	8.294021e-01	7.190686e-01	1.417125e-01	
9  295.037	7.428245e-01	8.875491e-01	7.073521e-01	1.296131e-01	
2  295.224	6.130569e-01	9.204589e-01	6.862506e-01	1.175228e-01	
8  294.5	6.603389e-01	9.788961e-01	7.096520e-01	1.319319e-01	
2  293.983	5.209808e-01	9.811470e-01	7.071814e-01	1.437156e-01	
1  294.776	6.794291e-01	9.222469e-01	7.109814e-01	1.531151e-01	
3  295.441	6.714314e-01	9.704690e-01	7.112595e-01	1.491866e-01	
8  294.062	5.035363e-01	8.671085e-01	6.983158e-01	1.485953e-01	
1  293.354	5.669951e-01	9.692381e-01	7.040263e-01	1.293822e-01	
2  293.188	5.233163e-01	9.359410e-01	6.952473e-01	1.375868e-01	
1  293.906	6.610360e-01	9.865258e-01	7.069500e-01	1.347963e-01	
2  293.929	7.412089e-01	9.169345e-01	6.944155e-01	1.363796e-01	
1  293.934	7.699327e-01	9.358863e-01	6.993671e-01	1.387338e-01	
6  293.785	6.159702e-01	9.857430e-01	6.872431e-01	1.197616e-01	
2  295.47	8.608682e-01	9.821544e-01	7.087415e-01	1.332459e-01	
10  294.475	8.714036e-01	9.473494e-01	7.041005e-01	1.308984e-01	
1  294.612	9.456419e-01	9.371184e-01	7.005958e-01	1.307436e-01	
3  293.206	6.896342e-01	8.993464e-01	7.068504e-01	1.455532e-01	
2  293.158	6.108719e-01	9.323555e-01	6.928221e-01	1.304975e-01	
10  292.676	5.551228e-01	9.189635e-01	7.092073e-01	1.441419e-01	
9  294.387	6.249826e-01	9.362695e-01	7.100089e-01	1.506744e-01	
1  293.666	6.022882e-01	9.246110e-01	7.145828e-01	1.399302e-01	
19  293.85	5.466511e-01	8.894417e-01	7.238763e-01	1.561728e-01	
4  295.289	6.100155e-01	9.079088e-01	7.275175e-01	1.530913e-01	
7  293.395	5.099955e-01	8.670668e-01	7.212057e-01	1.607495e-01	
2  293.241	5.801569e-01	9.736183e-01	7.057621e-01	1.374626e-01	
3  294.092	8.203073e-01	9.406003e-01	6.941949e-01	1.323995e-01	
1  294.455	5.913397e-01	8.759298e-01	6.904987e-01	1.249232e-01	
3  293.922	7.554438e-01	8.384171e-01	6.972486e-01	1.411374e-01	
4  293.931	6.869614e-01	8.465105e-01	6.941922e-01	1.366833e-01	
4  294.65	7.247261e-01	8.018157e-01	6.962642e-01	1.443398e-01	
2  294.712	5.961964e-01	9.283522e-01	6.840483e-01	1.195636e-01	
4  294.381	9.108676e-01	9.014680e-01	6.936367e-01	1.317750e-01	
1  295.209	6.609086e-01	9.505389e-01	6.814234e-01	1.252377e-01	
2  295.821	9.300297e-01	9.345499e-01	7.143822e-01	1.399613e-01	
1  295.286	9.424450e-01	8.818765e-01	7.092134e-01	1.325761e-01	
1  295.791	7.788744e-01	8.625619e-01	7.243613e-01	1.451755e-01	
9  293.324	5.075278e-01	8.505964e-01	7.214027e-01	1.481902e-01	
4  294.624	9.489753e-01	9.395737e-01	6.992075e-01	1.306950e-01	
1  294.573	8.683772e-01	9.014079e-01	7.132372e-01	1.472447e-01	
1  294.058	7.704261e-01	9.219669e-01	7.133250e-01	1.421044e-01	
1  293.238	6.428012e-01	9.527203e-01	7.015052e-01	1.379832e-01	
4  294.442	6.127783e-01	8.507474e-01	6.897141e-01	1.322470e-01	
1  295.978	6.350046e-01	9.715851e-01	6.793325e-01	1.259558e-01	
2  294.686	8.063212e-01	9.714012e-01	6.852164e-01	1.219297e-01	
1  295.425	6.251979e-01	8.669911e-01	6.866271e-01	1.357061e-01	
22  295.347	8.428491e-01	8.105553e-01	7.129257e-01	1.626458e-01	
5  294.978	9.542784e-01	8.497212e-01	7.176114e-01	1.526016e-01	
14  293.439	6.959026e-01	9.086413e-01	7.125829e-01	1.468061e-01	
10  292.989	5.752064e-01	9.846937e-01	6.958916e-01	1.272816e-01	
2  293.309	6.971366e-01	8.773679e-01	7.011722e-01	1.333343e-01	
7  293.394	6.569308e-01	8.652255e-01	6.958019e-01	1.359656e-01	
5  295.646	7.534774e-01	8.712084e-01	6.839914e-01	1.263627e-01	
1  295.54	7.401937e-01	8.243333e-01	6.900397e-01	1.391378e-01	
2  294.225	8.940603e-01	8.422426e-01	7.046787e-01	1.478365e-01	
6  294.987	9.840517e-01	9.278701e-01	6.989146e-01	1.268288e-01	
2  293.376	7.236560e-01	9.523101e-01	7.006307e-01	1.342648e-01	
1  293.093	5.143019e-01	8.630927e-01	6.983441e-01	1.322617e-01	
4  293.315	6.118579e-01	8.845209e-01	6.983562e-01	1.422278e-01	
7  293.668	6.657943e-01	8.265353e-01	7.110313e-01	1.577556e-01	
2  293.59	5.718211e-01	8.928093e-01	6.936802e-01	1.385027e-01	
5  292.8	5.337970e-01	9.157517e-01	6.979933e-01	1.390160e-01	
5  294.059	6.688078e-01	8.737511e-01	7.205357e-01	1.585737e-01	
1  293.553	7.434550e-01	9.196051e-01	7.073594e-01	1.356209e-01	
3  293.866	8.173582e-01	9.164979e-01	7.087620e-01	1.416378e-01	
1  294.394	7.054965e-01	8.683615e-01	7.119870e-01	1.573415e-01	
3  293.384	5.850590e-01	8.261883e-01	7.241137e-01	1.633160e-01	
4  292.699	6.262808e-01	8.385653e-01	7.140500e-01	1.480785e-01	
1  293.641	7.751177e-01	9.010111e-01	7.011596e-01	1.311269e-01	
2  293.729	8.149048e-01	8.912049e-01	7.100066e-01	1.455766e-01	
6  293.092	6.571909e-01	8.862566e-01	6.976315e-01	1.370833e-01	
3  293.236	6.153233e-01	8.048239e-01	7.026884e-01	1.418900e-01	
6  293.642	7.617928e-01	8.329543e-01	7.149366e-01	1.443595e-01	
8  293.005	7.172848e-01	8.147627e-01	7.138937e-01	1.492016e-01	
1  293.822	8.431686e-01	8.685599e-01	6.999728e-01	1.328096e-01	
13  294.063	8.783742e-01	8.094278e-01	7.060152e-01	1.382513e-01	
1  296.706	8.689395e-01	8.617106e-01	7.130398e-01	1.313080e-01	
7  297.049	9.556539e-01	8.114895e-01	7.246714e-01	1.438687e-01	
1  296.011	9.529959e-01	8.645246e-01	7.082029e-01	1.296798e-01	
5  296.18	8.804753e-01	9.241981e-01	7.181203e-01	1.389052e-01	
3  293.097	6.114600e-01	8.592528e-01	7.025972e-01	1.350993e-01	
1  293.097	6.392567e-01	9.174352e-01	6.962105e-01	1.351703e-01	
9  296.106	6.364938e-01	9.524165e-01	6.769223e-01	1.219410e-01	
4  293.004	5.784094e-01	9.256583e-01	7.003864e-01	1.407358e-01	
10  292.859	5.709967e-01	9.156038e-01	7.121109e-01	1.426344e-01	
1  293.434	7.643831e-01	9.302110e-01	7.044974e-01	1.367527e-01	
4  296.072	8.770242e-01	8.612610e-01	6.914710e-01	1.414879e-01	
1  296.322	6.540387e-01	9.455827e-01	6.998867e-01	1.492319e-01	
3  293.403	5.732202e-01	9.241309e-01	6.954364e-01	1.385041e-01	
6  294.152	7.672947e-01	8.072480e-01	6.972942e-01	1.388154e-01	
6  294.094	8.398080e-01	8.174592e-01	6.978611e-01	1.385925e-01	
6  294.605	5.355085e-01	8.310550e-01	7.074497e-01	1.606456e-01	
2  293.895	9.326142e-01	8.269900e-01	7.031616e-01	1.410749e-01	
2  294.754	8.081895e-01	8.465586e-01	7.195006e-01	1.609020e-01	
14  294.032	7.427887e-01	8.430344e-01	7.233764e-01	1.539433e-01	
4  294.892	6.222928e-01	9.555186e-01	7.183123e-01	1.408209e-01	
3  293.757	7.663189e-01	9.379056e-01	7.064190e-01	1.404558e-01	
11  295.696	6.884803e-01	9.621664e-01	7.206631e-01	1.445039e-01	
1  295.502	8.821989e-01	9.569185e-01	7.062170e-01	1.420779e-01	
1  295.017	7.249646e-01	9.190255e-01	7.189814e-01	1.542814e-01	
1  292.675	5.396873e-01	8.682461e-01	7.034456e-01	1.463002e-01	
10  293.46	5.623953e-01	8.233488e-01	7.094951e-01	1.579355e-01	
15  293.013	5.795770e-01	9.192507e-01	7.127926e-01	1.425053e-01	
3  293.736	6.102281e-01	9.796423e-01	7.039061e-01	1.281869e-01	
16  293.133	6.714741e-01	8.991487e-01	6.969055e-01	1.327393e-01	
13  293.427	6.121712e-01	8.835467e-01	6.950076e-01	1.382460e-01	
12  293.675	8.218044e-01	8.889955e-01	7.057670e-01	1.438957e-01	
8  292.826	6.324904e-01	8.890477e-01	7.081630e-01	1.389696e-01	
12  293.332	5.601434e-01	9.002932e-01	6.953887e-01	1.274675e-01	
1  292.797	5.724961e-01	8.161052e-01	7.042419e-01	1.462367e-01	
36  293.209	6.504451e-01	9.444710e-01	6.938039e-01	1.284031e-01	
31  293.399	6.804816e-01	9.750017e-01	6.993646e-01	1.326173e-01	
3  294.033	6.441650e-01	9.755620e-01	7.049028e-01	1.412022e-01	
14  293.535	6.020368e-01	8.781195e-01	7.214819e-01	1.516061e-01	
1  293.195	6.157663e-01	8.840595e-01	7.128555e-01	1.524426e-01	
2  294.032	7.250472e-01	8.314597e-01	7.112522e-01	1.578877e-01	
1  296.886	5.010123e-01	8.974497e-01	7.239854e-01	1.711506e-01	
1  295.04	6.443577e-01	9.178439e-01	7.171747e-01	1.574730e-01	
8  294.621	5.222656e-01	8.074805e-01	7.346489e-01	1.747414e-01	
8  294.985	7.182365e-01	8.911404e-01	7.252530e-01	1.550924e-01	
9  294.03	7.829555e-01	8.480399e-01	7.147641e-01	1.565840e-01	
5  293.333	7.769614e-01	8.010501e-01	7.109347e-01	1.458492e-01	
6  293.29	5.289296e-01	8.999990e-01	7.163398e-01	1.421292e-01	
4  293.14	5.817376e-01	9.232118e-01	7.037225e-01	1.310020e-01	
1  293.055	7.453504e-01	8.675172e-01	7.069239e-01	1.409705e-01	
7  294.088	8.920676e-01	8.667707e-01	7.078132e-01	1.468217e-01	
1  294.696	8.695614e-01	9.694926e-01	6.915594e-01	1.287646e-01	
1  296.775	9.994693e-01	9.937940e-01	7.029476e-01	1.326356e-01	
2  295.747	8.247148e-01	9.592356e-01	6.906494e-01	1.354468e-01	
3  295.24	7.775266e-01	9.965191e-01	6.834391e-01	1.136422e-01	
12  295.426	6.816877e-01	9.188751e-01	6.886120e-01	1.175736e-01	
2  298.946	8.213349e-01	8.932818e-01	6.805440e-01	1.098362e-01	
1  296.626	9.154930e-01	9.001575e-01	6.906387e-01	1.166390e-01	
4  295.217	9.300343e-01	9.181147e-01	7.017554e-01	1.258885e-01	
9  293.017	7.196394e-01	8.739543e-01	7.028176e-01	1.383004e-01	
5  296.058	5.740356e-01	9.286884e-01	6.863586e-01	1.378953e-01	
2  294.408	8.685502e-01	8.985474e-01	7.007301e-01	1.421554e-01	
10  297.669	6.253565e-01	8.128737e-01	6.821690e-01	1.345088e-01	
6  298.617	5.427282e-01	9.263256e-01	6.737647e-01	1.080284e-01	
7  294.605	6.567165e-01	8.467474e-01	6.899332e-01	1.310228e-01	
1  295.925	7.437078e-01	9.459133e-01	6.814934e-01	1.141409e-01	
1  295.124	8.696133e-01	8.820111e-01	6.968416e-01	1.243649e-01	
7  295.571	8.704920e-01	8.538867e-01	6.871051e-01	1.315330e-01	
1  294.701	7.298052e-01	9.888210e-01	6.832478e-01	1.170632e-01	
18  294.129	6.223813e-01	8.495925e-01	7.046506e-01	1.539628e-01	
9  293.666	7.923497e-01	8.221808e-01	7.127024e-01	1.553789e-01	
1  294.585	6.792495e-01	8.655617e-01	7.265398e-01	1.542728e-01	
3  293.581	6.344981e-01	8.458480e-01	7.239802e-01	1.564294e-01	
13  295.053	5.980315e-01	8.904022e-01	7.237882e-01	1.447157e-01	
6  294.323	5.677291e-01	8.039305e-01	7.329510e-01	1.627338e-01	
4  292.993	5.992339e-01	9.138763e-01	7.125602e-01	1.453506e-01	
5  292.614	6.047476e-01	9.071215e-01	7.047354e-01	1.374833e-01	
17  293.882	5.970611e-01	9.450285e-01	7.058849e-01	1.290394e-01	
22  292.857	5.252963e-01	8.302133e-01	7.026914e-01	1.385749e-01	
51  292.709	5.911063e-01	8.758326e-01	7.117657e-01	1.426754e-01	
1  293.261	6.837604e-01	9.312821e-01	7.085814e-01	1.398076e-01	
6  292.438	5.206832e-01	9.138481e-01	7.094273e-01	1.437778e-01	
5  292.946	6.514476e-01	9.042911e-01	7.022021e-01	1.339111e-01	
20  292.795	5.894143e-01	9.391704e-01	6.981005e-01	1.303988e-01	
1  293.706	7.863424e-01	9.453673e-01	6.976774e-01	1.335473e-01	
1  293.957	5.469017e-01	9.925310e-01	6.983334e-01	1.377304e-01	
2  293.937	5.738660e-01	8.078910e-01	6.960380e-01	1.386907e-01	
10  293.36	7.078093e-01	9.496452e-01	7.038548e-01	1.368642e-01	
6  293.345	6.267533e-01	9.697980e-01	6.956477e-01	1.330990e-01	
2  294.214	7.254022e-01	9.989061e-01	7.000072e-01	1.251045e-01	
1  294.054	6.609440e-01	8.954553e-01	6.914484e-01	1.357322e-01	
14  293.868	6.967546e-01	9.979155e-01	6.926627e-01	1.284548e-01	
1  294.127	8.077097e-01	9.030316e-01	6.912843e-01	1.289175e-01	
2  292.741	6.662118e-01	8.541498e-01	7.075349e-01	1.456474e-01	
15  293.088	6.021893e-01	8.564773e-01	6.990266e-01	1.351430e-01	
12  293.455	6.174362e-01	9.692278e-01	6.898022e-01	1.234832e-01	
5  294.511	8.673912e-01	9.673347e-01	7.025756e-01	1.314548e-01	
1  293.659	6.610315e-01	8.781198e-01	6.997535e-01	1.301244e-01	
1  293.065	5.456601e-01	9.121389e-01	6.950109e-01	1.277450e-01	
4  293.261	7.373003e-01	8.209454e-01	7.035347e-01	1.432768e-01	
25  293.349	5.539489e-01	8.523699e-01	7.018962e-01	1.489769e-01	
2  293.199	5.725487e-01	8.934458e-01	7.094750e-01	1.512093e-01	
3  293.795	8.512228e-01	8.384941e-01	7.034006e-01	1.455131e-01	
3  294.079	8.267382e-01	8.504761e-01	7.128103e-01	1.402104e-01	
6  293.599	8.053901e-01	8.067980e-01	7.074466e-01	1.414786e-01	
1  294.846	6.413729e-01	8.723373e-01	6.890690e-01	1.243299e-01	
15  293.162	5.662194e-01	9.266036e-01	6.984521e-01	1.273822e-01	
1  293.355	5.949322e-01	8.657784e-01	7.114678e-01	1.384720e-01	
1  295.845	8.069623e-01	9.328168e-01	7.181962e-01	1.521074e-01	
7  295.948	6.719156e-01	9.265673e-01	7.196310e-01	1.593123e-01	
5  295.533	5.806110e-01	8.895477e-01	7.296902e-01	1.649230e-01	
1  293.359	5.499484e-01	8.681205e-01	7.217843e-01	1.583009e-01	
6  292.669	5.283399e-01	9.083295e-01	7.108413e-01	1.397268e-01	
8  294.221	7.727083e-01	8.900238e-01	7.126177e-01	1.375407e-01	
1  294.171	7.509879e-01	9.245239e-01	7.081931e-01	1.468783e-01	
6  294.391	8.551899e-01	9.533330e-01	6.959544e-01	1.332369e-01	
1  296.899	6.568918e-01	9.278930e-01	6.751835e-01	1.156164e-01	
7  294.01	6.934820e-01	9.240206e-01	6.899317e-01	1.239917e-01	
23  292.7	5.567181e-01	9.355466e-01	6.958127e-01	1.316971e-01	
6  298.827	6.881359e-01	9.967877e-01	7.012901e-01	1.499654e-01	
3  295.735	5.945453e-01	9.695237e-01	7.094765e-01	1.514207e-01	
10  296.299	6.572095e-01	9.792692e-01	7.176360e-01	1.514845e-01	
4  296.661	9.620801e-01	9.902443e-01	7.020974e-01	1.360457e-01	
8  293.647	7.013515e-01	8.313121e-01	7.233071e-01	1.574859e-01	
1  293.455	7.746472e-01	8.628882e-01	7.107956e-01	1.409663e-01	
11  292.678	6.137217e-01	8.172851e-01	7.169702e-01	1.539742e-01	
1  295.342	7.054319e-01	8.349633e-01	7.283958e-01	1.515970e-01	
9  292.562	5.863734e-01	8.500085e-01	7.147663e-01	1.490370e-01	
3  293.476	5.263863e-01	8.099833e-01	7.280236e-01	1.584904e-01	
11  293.825	6.082683e-01	9.186183e-01	7.112930e-01	1.349272e-01	
8  294.002	7.313544e-01	8.425633e-01	7.238430e-01	1.556554e-01	
8  294.164	8.427673e-01	8.407251e-01	7.154508e-01	1.431048e-01	
8  294.213	6.608686e-01	8.822330e-01	7.069500e-01	1.532671e-01	
7  293.287	5.544696e-01	9.815453e-01	6.932706e-01	1.314628e-01	
32  294.126	5.603341e-01	9.928098e-01	6.869356e-01	1.157346e-01	
3  294.686	8.944163e-01	8.965400e-01	7.078278e-01	1.467587e-01	
5  293.786	6.410904e-01	8.689044e-01	6.953107e-01	1.406199e-01	
1  294.12	6.357903e-01	8.970042e-01	6.893568e-01	1.330439e-01	
1  293.843	7.487182e-01	9.481952e-01	7.085126e-01	1.381635e-01	
1  293.769	7.736687e-01	9.165378e-01	6.976275e-01	1.377776e-01	
2  293.758	8.387226e-01	9.110006e-01	7.016585e-01	1.323540e-01	
2  294.597	8.860331e-01	9.350628e-01	7.071172e-01	1.398735e-01	
1  295.498	9.301753e-01	8.588863e-01	6.916701e-01	1.380207e-01	
2  294.316	8.269416e-01	8.997151e-01	6.953162e-01	1.379536e-01	
2  294.409	9.263389e-01	9.296562e-01	6.951486e-01	1.277578e-01	
2  294.798	8.413050e-01	9.851311e-01	6.880012e-01	1.183185e-01	
8  294.29	6.889892e-01	9.757976e-01	7.053580e-01	1.283171e-01	
2  295.596	7.205857e-01	9.301094e-01	7.220806e-01	1.541674e-01	
13  292.703	5.458340e-01	8.636377e-01	7.179987e-01	1.510120e-01	
10  293.855	5.666585e-01	8.398760e-01	7.141276e-01	1.396388e-01	
19  294.347	6.086266e-01	8.367079e-01	7.006175e-01	1.307023e-01	
8  294.216	6.226781e-01	9.106145e-01	6.908239e-01	1.364524e-01	
21  295.626	6.179727e-01	9.434942e-01	6.821537e-01	1.296670e-01	
3  297.624	7.202070e-01	9.474094e-01	6.809356e-01	1.330534e-01	
4  295.914	8.066069e-01	8.089663e-01	7.028749e-01	1.569443e-01	
5  293.947	5.604534e-01	8.340895e-01	6.940556e-01	1.402025e-01	
6  296.154	9.149169e-01	9.184132e-01	6.812131e-01	1.231567e-01	
16  294.943	6.358603e-01	8.550235e-01	6.873544e-01	1.315214e-01	
7  293.522	5.833118e-01	8.085607e-01	6.988856e-01	1.427882e-01	
6  293.919	5.881136e-01	8.620277e-01	6.988436e-01	1.472234e-01	
1  295.518	5.533511e-01	8.229823e-01	6.987311e-01	1.545583e-01	
10  297.511	5.771833e-01	8.332806e-01	6.957979e-01	1.560512e-01	
6  297.146	8.038140e-01	8.181195e-01	7.181839e-01	1.717669e-01	
3  295.589	8.725821e-01	9.677559e-01	7.004186e-01	1.393814e-01	
5  295.219	8.819158e-01	9.472401e-01	6.842838e-01	1.202808e-01	
2  295.737	9.810502e-01	9.541496e-01	7.012904e-01	1.247586e-01	
3  294.553	9.712570e-01	8.621398e-01	7.090505e-01	1.373293e-01	
2  293.333	7.822870e-01	8.998039e-01	7.049661e-01	1.403202e-01	
13  293.112	5.035014e-01	8.597519e-01	7.039062e-01	1.507083e-01	
7  293.48	7.845095e-01	8.874579e-01	7.012595e-01	1.407128e-01	
8  295.651	8.727965e-01	9.484014e-01	7.146989e-01	1.426304e-01	
1  294.351	8.163658e-01	9.260255e-01	7.074802e-01	1.445954e-01	
2  293.613	7.882293e-01	8.068110e-01	7.148034e-01	1.461658e-01	
1  295.595	8.482075e-01	8.140927e-01	6.937245e-01	1.437819e-01	
2  296.14	9.692193e-01	9.909382e-01	6.829849e-01	1.204486e-01	
2  297.398	9.942796e-01	9.921040e-01	6.893563e-01	1.305163e-01	
1  297.082	9.737042e-01	9.576006e-01	6.928067e-01	1.365197e-01	
2  298.093	8.663870e-01	8.515760e-01	6.858584e-01	1.411541e-01	
3  298.57	8.573303e-01	9.296451e-01	6.738326e-01	1.236725e-01	
5  298.62	5.697210e-01	9.543535e-01	6.676324e-01	1.143229e-01	
9  298.554	5.625820e-01	9.091865e-01	6.715234e-01	1.127097e-01	
13  295.62	5.770373e-01	9.092854e-01	6.842310e-01	1.170919e-01	
13  293.422	6.445980e-01	8.457009e-01	7.004434e-01	1.345347e-01	
3  292.75	6.403723e-01	8.604396e-01	7.099521e-01	1.426821e-01	
2  293.378	6.406348e-01	8.332709e-01	7.207562e-01	1.605248e-01	
3  295.649	6.855412e-01	8.739890e-01	7.226816e-01	1.421902e-01	
1  295.168	7.207833e-01	9.205726e-01	7.215857e-01	1.535306e-01	
1  293.883	6.110596e-01	9.633724e-01	6.914987e-01	1.333275e-01	
5  294.3	7.372045e-01	9.973627e-01	6.890310e-01	1.265973e-01	
1  295.244	7.228643e-01	9.160739e-01	7.030620e-01	1.498389e-01	
1  296.539	6.451041e-01	9.040502e-01	7.154316e-01	1.635463e-01	
4  296.474	5.186211e-01	8.793549e-01	7.199962e-01	1.705113e-01	
2  293.536	5.772511e-01	8.463814e-01	7.149465e-01	1.603097e-01	
5  293.042	7.058203e-01	8.848351e-01	7.010672e-01	1.392566e-01	
3  294.503	7.349940e-01	9.026468e-01	6.910864e-01	1.360772e-01	
3  294.782	5.762845e-01	8.771150e-01	6.854925e-01	1.282806e-01	
3  294.838	7.743151e-01	8.771409e-01	7.074575e-01	1.536836e-01	
18  292.634	5.149370e-01	8.396374e-01	7.111417e-01	1.549980e-01	
27  292.486	5.163226e-01	8.213492e-01	7.115768e-01	1.550179e-01	
4  292.851	5.492241e-01	8.276075e-01	7.093221e-01	1.413747e-01	
2  293.012	5.338867e-01	8.044160e-01	7.239518e-01	1.559605e-01	
1  293.275	6.369394e-01	9.139991e-01	7.058417e-01	1.457733e-01	
1  294.328	6.083124e-01	9.849717e-01	7.029341e-01	1.414926e-01	
8  292.834	6.128469e-01	9.222460e-01	6.971694e-01	1.330676e-01	
1  293.718	6.892554e-01	8.225758e-01	7.093962e-01	1.390783e-01	
2  294.335	5.171333e-01	8.794049e-01	7.054523e-01	1.291752e-01	
3  294.762	8.792227e-01	8.842645e-01	7.177968e-01	1.464370e-01	
5  295.431	9.936538e-01	9.690125e-01	6.969518e-01	1.254182e-01	
5  294.429	8.443170e-01	9.934785e-01	6.945398e-01	1.246979e-01	
9  293.881	8.752751e-01	9.035312e-01	7.050089e-01	1.391048e-01	
1  296.395	6.876024e-01	9.339469e-01	6.846629e-01	1.350871e-01	
5  295.975	7.618628e-01	9.062267e-01	6.837686e-01	1.315763e-01	
2  295.548	7.242485e-01	8.429591e-01	6.868996e-01	1.331583e-01	
2  293.511	7.602991e-01	8.749239e-01	7.092241e-01	1.383165e-01	
6  293.292	7.843112e-01	8.054228e-01	7.161602e-01	1.522435e-01	
7  293.517	8.572810e-01	8.500816e-01	7.082570e-01	1.420011e-01	
13  293.986	9.391580e-01	8.165542e-01	7.142019e-01	1.486396e-01	
2  292.912	6.553939e-01	9.254764e-01	6.992758e-01	1.345466e-01	
3  293.525	7.201746e-01	8.968819e-01	6.943573e-01	1.327187e-01	
6  292.872	6.797598e-01	8.644057e-01	7.073477e-01	1.405168e-01	
8  293.749	5.359887e-01	8.715662e-01	6.933069e-01	1.280452e-01	
4  294.183	8.420162e-01	8.563870e-01	7.107204e-01	1.524132e-01	
2  296.739	7.030096e-01	9.182674e-01	7.048655e-01	1.553581e-01	
1  294.682	7.017663e-01	9.597415e-01	6.966665e-01	1.398218e-01	
20  293.289	7.679065e-01	8.812603e-01	7.103469e-01	1.434610e-01	
12  294.65	9.296998e-01	8.075163e-01	7.093484e-01	1.376537e-01	
4  294.494	6.655984e-01	8.458758e-01	7.289092e-01	1.615580e-01	
7  293.116	5.876615e-01	9.404459e-01	6.943349e-01	1.336938e-01	
35  292.667	5.248744e-01	8.146915e-01	7.037762e-01	1.448424e-01	
37  292.469	5.212145e-01	8.443945e-01	7.026387e-01	1.428782e-01	
3  293.655	5.906568e-01	9.252755e-01	6.895346e-01	1.311962e-01	
1  294.217	8.336458e-01	9.602589e-01	7.029207e-01	1.311434e-01	
2  294.961	8.240702e-01	9.377818e-01	6.969471e-01	1.218467e-01	
1  294.331	5.574126e-01	9.163561e-01	6.936872e-01	1.215085e-01	
7  294.05	6.151098e-01	9.366504e-01	7.165581e-01	1.418260e-01	
2  295.329	5.124382e-01	9.224603e-01	7.280253e-01	1.523482e-01	
19  294.601	5.344461e-01	8.658299e-01	7.159872e-01	1.371838e-01	
4  294.364	7.677230e-01	8.356650e-01	7.152858e-01	1.408718e-01	
9  293.242	6.511234e-01	8.258217e-01	7.089378e-01	1.405931e-01	
4  292.689	5.140990e-01	8.592587e-01	7.117380e-01	1.411273e-01	
8  292.839	5.494984e-01	9.724482e-01	7.021695e-01	1.327687e-01	
10  293.8	8.096745e-01	8.958018e-01	7.102853e-01	1.388837e-01	
4  295.768	7.864108e-01	9.245786e-01	6.946961e-01	1.426793e-01	
3  294.213	9.103068e-01	8.624450e-01	6.976543e-01	1.383318e-01	
3  294.815	6.005760e-01	9.258104e-01	7.229850e-01	1.474026e-01	
23  295.435	5.846167e-01	9.844066e-01	7.093946e-01	1.265081e-01	
6  294.982	5.645549e-01	9.187783e-01	7.080412e-01	1.276372e-01	
6  293.408	6.988309e-01	9.451302e-01	7.033333e-01	1.317205e-01	
6  294.397	6.772477e-01	9.704059e-01	7.108184e-01	1.343088e-01	
4  295.689	7.886110e-01	9.328334e-01	7.158973e-01	1.355521e-01	
11  294.358	8.786606e-01	8.816022e-01	7.122243e-01	1.391793e-01	
10  294.139	7.495365e-01	8.207753e-01	7.261971e-01	1.597501e-01	
9  293.85	7.056668e-01	8.600089e-01	7.196491e-01	1.472875e-01	
6  293.568	7.953733e-01	8.082402e-01	7.155332e-01	1.473314e-01	
1  295.2	8.627592e-01	8.697928e-01	7.069764e-01	1.526879e-01	
3  295.848	6.733068e-01	9.649690e-01	6.827596e-01	1.298674e-01	
1  295.545	5.734088e-01	9.749094e-01	6.767908e-01	1.198217e-01	
8  293.791	6.957720e-01	8.324615e-01	6.966905e-01	1.398823e-01	
6  293.684	7.775693e-01	9.185140e-01	6.946297e-01	1.324380e-01	
2  293.515	8.082558e-01	8.965932e-01	7.081818e-01	1.409614e-01	
4  293.435	8.512562e-01	8.170561e-01	7.089862e-01	1.452481e-01	
2  293.994	9.204196e-01	8.537943e-01	7.109565e-01	1.456615e-01	
13  295.157	9.949023e-01	8.296234e-01	6.939423e-01	1.375351e-01	
10  294.192	8.769161e-01	8.504654e-01	7.050471e-01	1.480052e-01	
1  294.273	7.143380e-01	8.312071e-01	7.166565e-01	1.624924e-01	
29  294.72	5.365294e-01	8.595689e-01	6.871953e-01	1.277139e-01	
4  294.197	6.264560e-01	9.948141e-01	7.031276e-01	1.256283e-01	
3  297.909	6.451970e-01	9.481850e-01	7.130934e-01	1.250031e-01	
5  295.159	5.700394e-01	8.619804e-01	6.853427e-01	1.266393e-01	
6  293.686	6.226856e-01	9.773974e-01	6.937417e-01	1.330499e-01	
10  293.842	5.033242e-01	9.381664e-01	6.946647e-01	1.402030e-01	
8  292.85	5.387246e-01	8.839029e-01	7.152833e-01	1.528549e-01	
4  292.912	5.132525e-01	8.748423e-01	7.202045e-01	1.520502e-01	
18  292.327	5.279655e-01	8.588320e-01	7.122802e-01	1.451704e-01	
1  294.469	8.010057e-01	8.849288e-01	6.905126e-01	1.266333e-01	
4  293.67	7.889832e-01	8.202795e-01	7.121575e-01	1.426613e-01	
1  294.421	5.865488e-01	8.989786e-01	7.184083e-01	1.401688e-01	
1  294.952	5.702829e-01	8.759631e-01	7.185413e-01	1.385741e-01	
6  293.058	6.060559e-01	8.824662e-01	7.119487e-01	1.402877e-01	
9  294.656	5.405710e-01	8.531070e-01	7.246046e-01	1.466423e-01	
3  294.677	5.363130e-01	9.631672e-01	7.164044e-01	1.369832e-01	
1  295.637	8.750551e-01	9.793431e-01	7.024983e-01	1.236207e-01	
6  294.861	8.580500e-01	9.063325e-01	6.981964e-01	1.419399e-01	
1  292.877	6.396792e-01	8.791462e-01	7.134832e-01	1.478963e-01	
1  292.939	6.636785e-01	8.885600e-01	7.023331e-01	1.417828e-01	
5  293.68	5.708639e-01	8.843961e-01	7.177348e-01	1.578364e-01	
3  293.15	6.086430e-01	8.380400e-01	7.132499e-01	1.571335e-01	
11  293.557	5.864242e-01	8.630197e-01	6.957123e-01	1.410117e-01	
9  292.941	6.100159e-01	8.361479e-01	7.076328e-01	1.515102e-01	
22  292.837	5.129469e-01	9.311014e-01	7.085351e-01	1.354387e-01	
1  293.696	5.640892e-01	8.897165e-01	7.166351e-01	1.572381e-01	
6  293.894	8.190271e-01	8.684840e-01	7.163442e-01	1.486198e-01	
4  294.373	7.462361e-01	9.037392e-01	7.130352e-01	1.523677e-01	
2  293.733	7.978526e-01	8.095912e-01	7.112469e-01	1.554880e-01	
6  293.976	8.971486e-01	8.144661e-01	7.078839e-01	1.502962e-01	
2  294.882	9.146410e-01	8.700372e-01	7.090899e-01	1.338781e-01	
10  292.705	6.632163e-01	8.362599e-01	7.095566e-01	1.467231e-01	
17  293.189	7.065436e-01	8.060583e-01	7.173111e-01	1.581723e-01	
2  294.593	6.340202e-01	8.914509e-01	7.249462e-01	1.510532e-01	
1  294.521	6.367111e-01	9.404662e-01	7.191263e-01	1.482476e-01	
4  293.264	6.397919e-01	9.632501e-01	6.925671e-01	1.277455e-01	
1  293.33	6.571286e-01	9.080751e-01	6.954146e-01	1.361940e-01	
7  293.457	7.048831e-01	9.526565e-01	7.027884e-01	1.312401e-01	
7  293.558	5.838305e-01	9.785561e-01	7.082418e-01	1.353009e-01	
1  292.867	6.464981e-01	9.168740e-01	7.069338e-01	1.390550e-01	
3  293.946	8.230553e-01	8.702684e-01	6.977158e-01	1.398519e-01	
2  293.54	8.361702e-01	8.767341e-01	7.006129e-01	1.370280e-01	
6  293.553	6.124278e-01	9.009785e-01	7.001243e-01	1.445855e-01	
19  292.723	5.423698e-01	8.587642e-01	7.189130e-01	1.524034e-01	
5  293.018	5.181669e-01	9.016315e-01	6.924693e-01	1.317908e-01	
30  293.712	5.601194e-01	9.897105e-01	6.881451e-01	1.276964e-01	
6  293.435	8.097569e-01	8.951478e-01	7.052511e-01	1.401859e-01	
13  293.219	5.643994e-01	9.157488e-01	6.919702e-01	1.276034e-01	
7  294.845	5.742208e-01	9.989342e-01	6.799456e-01	1.216441e-01	
1  294.12	5.371532e-01	9.049632e-01	6.878530e-01	1.331417e-01	
2  293.753	5.409262e-01	9.737581e-01	7.079687e-01	1.308922e-01	
2  292.947	5.550751e-01	8.753832e-01	7.054888e-01	1.350355e-01	
4  293.461	6.205634e-01	8.906411e-01	6.988761e-01	1.293055e-01	
1  293.408	6.496963e-01	9.380624e-01	7.109805e-01	1.420939e-01	
1  293.853	6.805371e-01	9.845388e-01	6.961349e-01	1.335082e-01	
7  294.316	7.481256e-01	9.379622e-01	6.980818e-01	1.402345e-01	
1  294.107	6.279303e-01	8.260356e-01	7.109641e-01	1.605302e-01	
1  295.673	7.619790e-01	9.516951e-01	7.178642e-01	1.495556e-01	
9  294.764	5.508196e-01	9.895906e-01	7.125233e-01	1.455569e-01	
9  294.916	5.335321e-01	8.917982e-01	7.110123e-01	1.597241e-01	
1  293.873	5.295511e-01	8.180687e-01	7.075276e-01	1.588244e-01	
9  293.43	5.297042e-01	9.905564e-01	6.885358e-01	1.270157e-01	
3  292.441	5.121341e-01	8.409170e-01	7.052597e-01	1.406291e-01	
6  294.837	8.022110e-01	8.568863e-01	7.167194e-01	1.401513e-01	
1  295.114	8.777979e-01	8.191047e-01	7.104986e-01	1.584566e-01	
9  294.333	8.842211e-01	8.170406e-01	7.169604e-01	1.579348e-01	
1  296.128	8.112298e-01	8.290204e-01	7.327565e-01	1.579931e-01	
4  294.05	5.014314e-01	9.154396e-01	7.148648e-01	1.563514e-01	
3  292.831	5.438184e-01	9.166985e-01	7.127462e-01	1.462482e-01	
22  293.177	5.158452e-01	8.987757e-01	7.012899e-01	1.460807e-01	
9  292.683	5.526170e-01	8.682386e-01	7.115413e-01	1.521135e-01	
1  293.301	5.629021e-01	8.717136e-01	7.001516e-01	1.312945e-01	
7  293.313	5.680271e-01	8.237290e-01	7.133464e-01	1.422554e-01	
11  294.916	8.017462e-01	8.031904e-01	7.304752e-01	1.618795e-01	
11  293.959	7.725035e-01	8.211642e-01	7.235568e-01	1.556639e-01	
2  294.504	6.294705e-01	9.228993e-01	7.126598e-01	1.338373e-01	
8  292.565	5.356101e-01	9.087579e-01	6.973892e-01	1.329680e-01	
16  292.237	5.008567e-01	8.434295e-01	7.149284e-01	1.487729e-01	
2  294.483	6.431456e-01	8.037168e-01	7.017214e-01	1.340587e-01	
9  294.303	9.607597e-01	8.578592e-01	7.098433e-01	1.451521e-01	
5  293.251	7.438507e-01	8.459226e-01	7.038354e-01	1.451164e-01	
6  293.372	6.746708e-01	8.375799e-01	7.015193e-01	1.363816e-01	
22  294.037	8.365667e-01	9.372129e-01	7.016541e-01	1.374021e-01	
3  294.275	8.509345e-01	8.585559e-01	7.145014e-01	1.535658e-01	
11  293.655	5.419531e-01	8.613908e-01	7.259391e-01	1.591284e-01	
1  293.614	6.094172e-01	8.061876e-01	7.274081e-01	1.593037e-01	
3  293.748	6.264764e-01	8.196186e-01	7.274250e-01	1.635217e-01	
1  293.505	7.875916e-01	9.086668e-01	7.070448e-01	1.376760e-01	
4  294.995	6.306407e-01	9.389602e-01	6.837372e-01	1.173050e-01	
6  294.388	6.582739e-01	8.641891e-01	6.937733e-01	1.269117e-01	
5  294.177	9.253587e-01	8.618227e-01	7.080998e-01	1.461124e-01	
1  294.186	8.099509e-01	8.278975e-01	7.115488e-01	1.566366e-01	
5  294.635	9.066025e-01	8.207298e-01	6.977216e-01	1.429042e-01	
1  294.457	8.242987e-01	8.078146e-01	7.143042e-01	1.414462e-01	
15  295.26	9.936765e-01	8.504920e-01	7.180615e-01	1.502728e-01	
22  293.459	8.341639e-01	8.619222e-01	7.098172e-01	1.443341e-01	
9  292.678	6.344609e-01	8.274246e-01	7.097889e-01	1.459643e-01	
22  292.618	5.542853e-01	8.813581e-01	7.147706e-01	1.475870e-01	
5  293.93	7.433037e-01	8.505044e-01	7.160832e-01	1.429641e-01	
2  293.582	7.299818e-01	8.186924e-01	7.200988e-01	1.508901e-01	
18  292.61	5.367249e-01	9.044785e-01	7.126479e-01	1.442812e-01	
22  292.141	5.066337e-01	8.862360e-01	7.048603e-01	1.401086e-01	
7  293.34	6.119369e-01	9.257510e-01	6.938228e-01	1.262161e-01	
8  293.904	7.540067e-01	9.672903e-01	6.912109e-01	1.236797e-01	
6  294.58	7.078428e-01	8.505048e-01	7.258993e-01	1.525606e-01	
3  295.069	7.604585e-01	8.238252e-01	7.304601e-01	1.660500e-01	
11  294.47	6.106930e-01	8.143934e-01	7.329521e-01	1.651815e-01	
2  293.739	5.557438e-01	8.780072e-01	7.228635e-01	1.591471e-01	
2  295.986	5.004326e-01	8.706888e-01	7.240151e-01	1.720378e-01	
5  295.384	5.989934e-01	9.524276e-01	7.088585e-01	1.522516e-01	
4  293.24	7.328500e-01	9.205134e-01	6.988738e-01	1.348314e-01	
4  292.714	6.079480e-01	8.193812e-01	7.171629e-01	1.521371e-01	
23  292.803	5.605027e-01	8.324656e-01	7.194988e-01	1.586088e-01	
3  293.247	5.838100e-01	8.867216e-01	7.158809e-01	1.540857e-01	
1  294.657	5.833959e-01	9.064562e-01	7.253260e-01	1.517326e-01	
10  294.344	7.809260e-01	8.660091e-01	7.025546e-01	1.302986e-01	
1  294.413	8.703134e-01	8.757027e-01	7.134836e-01	1.399240e-01	
1  294.805	5.393761e-01	8.588327e-01	7.190178e-01	1.397628e-01	
2  295.539	6.076448e-01	8.557117e-01	7.297675e-01	1.512470e-01	
22  294.114	6.285637e-01	8.549892e-01	7.239811e-01	1.500764e-01	
4  293.391	7.001087e-01	8.602527e-01	7.126920e-01	1.414861e-01	
1  293.24	7.158195e-01	8.056304e-01	7.176316e-01	1.507782e-01	
4  294.048	7.784518e-01	8.387379e-01	6.978652e-01	1.426456e-01	
1  294.875	7.691641e-01	8.954127e-01	7.056698e-01	1.511536e-01	
2  295.58	7.496941e-01	8.144362e-01	7.326123e-01	1.715735e-01	
6  293.137	5.380671e-01	9.094926e-01	7.006782e-01	1.441097e-01	
9  293.271	6.381091e-01	8.560108e-01	6.983569e-01	1.346850e-01	
