1  315.452	8.589983e-01	9.655316e-01	6.382058e-01	9.271907e-02	
7  304.698	9.576372e-01	9.042132e-01	6.628876e-01	1.214683e-01	
6  295.567	8.438636e-01	8.046836e-01	6.913127e-01	1.387299e-01	
15  294.957	8.239404e-01	8.720530e-01	7.161917e-01	1.391611e-01	
1  293.081	7.104796e-01	9.143487e-01	7.003076e-01	1.359262e-01	
4  293.673	7.327149e-01	9.118133e-01	7.030534e-01	1.435250e-01	
16  293.63	7.045015e-01	8.880764e-01	7.173623e-01	1.477499e-01	
4  293.268	7.899349e-01	8.559742e-01	7.036511e-01	1.416976e-01	
11  293.059	5.668678e-01	9.652481e-01	7.002942e-01	1.279450e-01	
7  293.845	5.097655e-01	9.876163e-01	6.887373e-01	1.304240e-01	
5  292.948	6.433160e-01	8.983726e-01	6.977392e-01	1.349327e-01	
3  293.385	6.667223e-01	9.165569e-01	7.004464e-01	1.414943e-01	
3  293.127	6.144152e-01	8.537306e-01	7.193871e-01	1.560412e-01	
2  293.554	8.559693e-01	8.365880e-01	7.080551e-01	1.413256e-01	
2  294.991	8.069468e-01	8.791343e-01	6.980909e-01	1.456813e-01	
11  294.799	6.769842e-01	8.051849e-01	7.030985e-01	1.332502e-01	
7  294.723	9.602945e-01	9.095399e-01	6.975911e-01	1.267362e-01	
1  295.044	9.979879e-01	8.599784e-01	7.144160e-01	1.424494e-01	
3  296.712	9.106216e-01	9.956353e-01	7.052028e-01	1.235447e-01	
2  294.267	8.370160e-01	9.673106e-01	6.982041e-01	1.261463e-01	
12  294.76	6.174693e-01	9.950099e-01	7.067116e-01	1.267184e-01	
2  295.345	8.288902e-01	9.918299e-01	7.071967e-01	1.373553e-01	
10  294.013	7.752249e-01	9.239399e-01	7.122753e-01	1.437535e-01	
8  293.229	6.732800e-01	9.121646e-01	7.033495e-01	1.428353e-01	
7  294.22	6.994114e-01	9.294812e-01	7.156256e-01	1.485516e-01	
1  293.943	6.888770e-01	9.977263e-01	7.017992e-01	1.338241e-01	
1  294.457	6.374674e-01	9.817533e-01	7.103927e-01	1.328799e-01	
5  293.63	7.689680e-01	8.686313e-01	7.090202e-01	1.376812e-01	
2  297.263	8.353141e-01	9.227386e-01	6.880629e-01	1.127291e-01	
1  293.967	6.813657e-01	9.594928e-01	6.992041e-01	1.245574e-01	
4  294.409	7.038589e-01	9.827842e-01	7.078984e-01	1.317563e-01	
3  294.676	6.314100e-01	9.224923e-01	6.985126e-01	1.457295e-01	
7  294.037	6.050970e-01	8.828708e-01	7.059343e-01	1.528961e-01	
8  294.021	8.371431e-01	8.644841e-01	7.072836e-01	1.490312e-01	
9  294.375	9.359503e-01	8.443130e-01	7.075471e-01	1.486579e-01	
4  292.879	7.090305e-01	8.391693e-01	7.086375e-01	1.452926e-01	
6  294.383	8.566153e-01	8.268150e-01	7.220782e-01	1.575826e-01	
1  294.226	6.146403e-01	8.528230e-01	6.998862e-01	1.495285e-01	
6  297.15	6.615602e-01	8.899333e-01	6.772084e-01	1.250177e-01	
4  298.466	8.314114e-01	8.343370e-01	6.791568e-01	1.313924e-01	
1  298.256	8.945230e-01	8.931952e-01	6.741777e-01	1.193391e-01	
6  298.844	7.804706e-01	9.239216e-01	6.880351e-01	1.440236e-01	
6  294.96	6.749174e-01	9.439116e-01	6.999567e-01	1.452453e-01	
4  293.297	5.538576e-01	8.576370e-01	7.142254e-01	1.582657e-01	
1  292.488	5.256859e-01	8.293308e-01	7.175511e-01	1.571276e-01	
2  293.657	5.084910e-01	8.603157e-01	7.266025e-01	1.557860e-01	
6  292.467	5.359801e-01	8.563723e-01	7.140650e-01	1.461371e-01	
2  292.701	5.655101e-01	9.056596e-01	6.981524e-01	1.373617e-01	
28  292.339	5.534151e-01	8.538336e-01	7.098370e-01	1.444445e-01	
3  293.179	7.599785e-01	8.698455e-01	7.074555e-01	1.399788e-01	
1  293.642	7.803082e-01	9.437018e-01	7.034486e-01	1.361229e-01	
2  293.931	6.075125e-01	9.665777e-01	7.101183e-01	1.438794e-01	
5  293.626	6.407632e-01	9.483878e-01	7.107905e-01	1.374446e-01	
13  293.063	6.207182e-01	9.149456e-01	7.018857e-01	1.314144e-01	
4  293.198	5.533781e-01	8.636218e-01	6.977981e-01	1.322454e-01	
5  293.442	7.018364e-01	9.596879e-01	7.019584e-01	1.309300e-01	
5  293.195	6.170301e-01	8.799678e-01	6.991376e-01	1.423376e-01	
24  293.574	6.100788e-01	8.659236e-01	6.945550e-01	1.383972e-01	
2  293.718	7.349065e-01	8.354564e-01	7.187459e-01	1.476258e-01	
5  295.391	9.461191e-01	9.012906e-01	7.156400e-01	1.437015e-01	
2  294.468	7.061441e-01	8.514796e-01	7.198992e-01	1.626867e-01	
4  293.301	7.239377e-01	9.318564e-01	7.018930e-01	1.323672e-01	
40  292.474	5.427664e-01	8.999530e-01	7.102847e-01	1.419485e-01	
5  292.926	5.582324e-01	9.343387e-01	6.929781e-01	1.301373e-01	
2  293.899	8.791097e-01	9.030515e-01	7.055510e-01	1.388700e-01	
2  293.722	8.160819e-01	8.578939e-01	7.148591e-01	1.506532e-01	
8  294.851	8.150260e-01	8.747592e-01	6.911618e-01	1.365678e-01	
1  295.511	6.666221e-01	8.766912e-01	7.171352e-01	1.639258e-01	
15  293.306	5.386382e-01	9.970760e-01	6.954327e-01	1.319868e-01	
1  293.442	5.750201e-01	9.354751e-01	7.142860e-01	1.417494e-01	
15  293.204	5.450909e-01	9.361652e-01	7.125919e-01	1.395001e-01	
36  293.066	5.110698e-01	8.249723e-01	7.157823e-01	1.445561e-01	
3  293.995	7.881795e-01	8.171893e-01	7.007170e-01	1.358124e-01	
12  293.728	5.295386e-01	9.000583e-01	6.935705e-01	1.248268e-01	
3  295.136	7.828375e-01	9.372369e-01	7.004205e-01	1.229198e-01	
1  296.157	9.219137e-01	9.546834e-01	7.000468e-01	1.206337e-01	
12  295.891	6.100173e-01	9.789361e-01	7.203028e-01	1.406405e-01	
12  292.657	5.302569e-01	8.841411e-01	7.152864e-01	1.508993e-01	
4  293.045	6.308300e-01	8.675767e-01	7.033022e-01	1.353028e-01	
18  292.87	5.373882e-01	8.511605e-01	7.061077e-01	1.510965e-01	
4  293.174	5.889357e-01	9.915911e-01	6.949023e-01	1.289295e-01	
1  292.459	5.925530e-01	8.581658e-01	7.077180e-01	1.456073e-01	
8  292.979	5.408442e-01	9.712169e-01	6.945713e-01	1.318172e-01	
1  293.174	6.775673e-01	9.476364e-01	6.967518e-01	1.319834e-01	
36  292.912	5.243327e-01	9.641832e-01	7.030337e-01	1.301443e-01	
5  293.4	5.152490e-01	9.268995e-01	7.100150e-01	1.338702e-01	
2  294.649	6.249047e-01	8.189555e-01	6.928415e-01	1.404819e-01	
12  293.375	5.021678e-01	9.675389e-01	6.906114e-01	1.317682e-01	
6  293.423	6.087551e-01	9.295618e-01	6.902974e-01	1.279186e-01	
6  293.974	5.512876e-01	8.879317e-01	7.204722e-01	1.597667e-01	
24  293.598	5.923442e-01	8.761945e-01	7.168276e-01	1.423479e-01	
25  294.684	6.896633e-01	9.329738e-01	6.912579e-01	1.196760e-01	
4  294.473	8.604879e-01	9.081465e-01	7.134069e-01	1.417691e-01	
1  294.269	6.043531e-01	8.454634e-01	7.286620e-01	1.572714e-01	
1  292.81	6.078248e-01	8.649580e-01	7.160543e-01	1.501744e-01	
2  292.556	5.910941e-01	8.755544e-01	7.052254e-01	1.445147e-01	
1  293.783	6.763307e-01	8.263854e-01	7.049822e-01	1.526829e-01	
4  293.164	7.480056e-01	8.364549e-01	7.066254e-01	1.471987e-01	
1  294.037	7.619126e-01	8.577897e-01	7.111005e-01	1.546646e-01	
4  295.302	6.764164e-01	9.879462e-01	7.128823e-01	1.449810e-01	
6  293.916	6.543225e-01	9.055119e-01	7.179078e-01	1.441911e-01	
9  292.586	5.457145e-01	8.509631e-01	7.100369e-01	1.521439e-01	
6  296.666	8.530448e-01	8.337158e-01	7.030229e-01	1.570024e-01	
2  295.262	8.421776e-01	8.240389e-01	7.069386e-01	1.569426e-01	
1  293.512	8.243979e-01	8.522360e-01	7.025723e-01	1.421886e-01	
12  295.485	9.392281e-01	8.280202e-01	6.894586e-01	1.320590e-01	
1  294.092	8.671898e-01	9.065155e-01	6.937962e-01	1.296042e-01	
1  294.077	8.623311e-01	8.927546e-01	7.045999e-01	1.436965e-01	
29  292.974	6.373451e-01	9.086046e-01	7.074938e-01	1.448250e-01	
11  293.446	6.798720e-01	8.896836e-01	7.160833e-01	1.457999e-01	
1  293.054	5.282234e-01	8.531252e-01	7.205786e-01	1.494722e-01	
6  293.143	6.963272e-01	9.333158e-01	7.025680e-01	1.376112e-01	
4  294.135	6.647070e-01	9.746683e-01	7.103408e-01	1.403604e-01	
4  295.133	7.018021e-01	9.097555e-01	7.240283e-01	1.546169e-01	
1  294.559	6.436804e-01	9.866408e-01	7.103340e-01	1.424266e-01	
3  294.292	6.323121e-01	9.548155e-01	7.089042e-01	1.471749e-01	
3  294.323	5.543026e-01	9.400642e-01	7.202716e-01	1.497534e-01	
4  295.124	6.369126e-01	9.078884e-01	7.141803e-01	1.584019e-01	
4  296.088	6.535230e-01	8.535931e-01	7.326171e-01	1.717431e-01	
3  297.144	5.512906e-01	9.029841e-01	7.366676e-01	1.650981e-01	
2  298.891	6.660262e-01	9.261980e-01	7.239022e-01	1.692843e-01	
3  295.717	5.748370e-01	9.017917e-01	7.298759e-01	1.629979e-01	
11  293.37	7.644098e-01	8.042757e-01	7.176316e-01	1.573422e-01	
4  294.713	7.672096e-01	8.856950e-01	7.010910e-01	1.479321e-01	
10  296.686	9.834526e-01	9.835628e-01	6.930100e-01	1.320742e-01	
3  293.598	7.784629e-01	9.050003e-01	6.966138e-01	1.303189e-01	
13  294.059	9.364505e-01	8.390586e-01	7.018988e-01	1.417772e-01	
7  294.92	8.733757e-01	8.493986e-01	6.954275e-01	1.272463e-01	
12  293.478	5.480536e-01	8.452437e-01	6.967308e-01	1.329550e-01	
38  293.036	5.342749e-01	8.913166e-01	7.173903e-01	1.457902e-01	
4  293.504	7.173716e-01	9.251547e-01	7.103040e-01	1.424822e-01	
11  294.389	7.844653e-01	9.298666e-01	6.877395e-01	1.266628e-01	
7  293.721	7.884645e-01	8.777842e-01	6.959402e-01	1.323070e-01	
1  295.44	9.236205e-01	9.194729e-01	6.846471e-01	1.232819e-01	
8  295.666	6.762882e-01	9.492880e-01	6.787547e-01	1.164989e-01	
3  295.644	8.779336e-01	9.443930e-01	6.957434e-01	1.389690e-01	
26  293.151	7.411555e-01	9.047530e-01	7.046016e-01	1.399709e-01	
7  293.935	6.485573e-01	9.263960e-01	7.094170e-01	1.491931e-01	
10  292.888	6.959383e-01	8.170879e-01	7.119662e-01	1.510786e-01	
3  292.586	5.332871e-01	9.019920e-01	6.986429e-01	1.385009e-01	
13  297.41	6.956545e-01	9.722138e-01	6.739195e-01	1.218956e-01	
5  298.321	7.274697e-01	9.116061e-01	6.720546e-01	1.159049e-01	
4  297.081	6.725152e-01	9.329811e-01	6.777205e-01	1.114910e-01	
6  296.059	7.578815e-01	9.022740e-01	7.080345e-01	1.268519e-01	
1  296.678	9.171941e-01	8.967476e-01	7.229244e-01	1.550633e-01	
5  296.63	9.339924e-01	8.597735e-01	7.162189e-01	1.603794e-01	
2  295.316	8.124061e-01	9.258990e-01	6.892769e-01	1.348026e-01	
10  294.848	6.533623e-01	8.316489e-01	6.951140e-01	1.458429e-01	
3  293.632	5.747928e-01	9.372945e-01	6.966613e-01	1.400035e-01	
4  292.548	5.142848e-01	8.700438e-01	6.989815e-01	1.367542e-01	
4  293.608	7.069255e-01	9.125144e-01	6.982050e-01	1.398883e-01	
28  294.068	7.501943e-01	8.575289e-01	6.998540e-01	1.458687e-01	
1  293.914	7.801315e-01	9.287574e-01	7.104539e-01	1.410569e-01	
6  292.456	5.376142e-01	8.705620e-01	7.095270e-01	1.494289e-01	
2  293.176	7.607326e-01	8.564318e-01	7.068865e-01	1.401998e-01	
2  292.783	5.475456e-01	8.111411e-01	7.131728e-01	1.458327e-01	
11  293.116	5.636227e-01	8.499445e-01	7.224461e-01	1.551711e-01	
8  293.614	6.163257e-01	9.460442e-01	7.000588e-01	1.410660e-01	
2  294.947	7.645743e-01	9.634458e-01	6.950791e-01	1.377097e-01	
6  293.768	6.226038e-01	8.925361e-01	6.935712e-01	1.381723e-01	
4  294.656	5.374180e-01	9.581604e-01	7.084307e-01	1.499552e-01	
12  295.175	7.955940e-01	9.530959e-01	6.919034e-01	1.358034e-01	
7  293.352	7.750163e-01	8.962764e-01	7.054679e-01	1.421445e-01	
4  293.869	5.090539e-01	8.859846e-01	7.186574e-01	1.604331e-01	
20  296.339	5.054500e-01	8.043369e-01	7.445957e-01	1.758262e-01	
6  296.286	5.232017e-01	9.434872e-01	7.244421e-01	1.610433e-01	
1  295.931	6.615212e-01	8.509540e-01	7.354754e-01	1.655165e-01	
4  293.94	7.526117e-01	8.856950e-01	7.126870e-01	1.388060e-01	
31  293.723	5.145884e-01	8.301240e-01	7.286731e-01	1.576532e-01	
2  293.613	5.064022e-01	8.863555e-01	7.240932e-01	1.534524e-01	
1  292.932	6.077476e-01	9.425185e-01	7.027703e-01	1.322804e-01	
10  293.173	5.999080e-01	9.315033e-01	7.044785e-01	1.433734e-01	
11  296.141	7.792310e-01	9.505610e-01	7.213385e-01	1.473513e-01	
4  294.538	9.796685e-01	8.936886e-01	7.018811e-01	1.375699e-01	
1  293.778	7.234221e-01	8.902761e-01	6.949494e-01	1.285588e-01	
3  294.098	7.717261e-01	8.673097e-01	6.966566e-01	1.412828e-01	
3  293.326	7.772314e-01	8.654634e-01	7.123656e-01	1.470343e-01	
1  293.534	6.561201e-01	9.664151e-01	6.962922e-01	1.344152e-01	
1  293.094	6.318421e-01	9.660444e-01	6.991631e-01	1.294749e-01	
# After 179 accepted steps: stop adapting the jumping factor at a value of 3.359386 with a local acceptance rate 0.255000 
24  292.474	5.221518e-01	9.085656e-01	7.055744e-01	1.358301e-01	
15  292.976	5.247346e-01	9.563075e-01	7.077131e-01	1.414081e-01	
5  294.433	7.755367e-01	9.121944e-01	7.170013e-01	1.443133e-01	
2  293.637	8.330444e-01	8.854545e-01	7.093287e-01	1.409095e-01	
11  292.805	5.743139e-01	9.379418e-01	6.963754e-01	1.337335e-01	
10  292.802	5.008581e-01	9.876093e-01	6.934113e-01	1.281317e-01	
2  293.833	7.552283e-01	8.736009e-01	6.995760e-01	1.306647e-01	
4  294.887	6.337539e-01	8.434441e-01	7.316848e-01	1.660131e-01	
7  292.8	5.607163e-01	9.340300e-01	7.080575e-01	1.422547e-01	
10  293.79	5.971674e-01	8.041989e-01	6.976319e-01	1.404007e-01	
10  294.001	6.017431e-01	9.515262e-01	6.855744e-01	1.256197e-01	
38  292.694	5.678888e-01	8.178121e-01	7.053991e-01	1.474798e-01	
9  293.162	6.016845e-01	8.434952e-01	6.982035e-01	1.391580e-01	
3  295.766	5.136230e-01	8.137892e-01	7.380876e-01	1.619456e-01	
3  295.65	6.504929e-01	9.764894e-01	7.062355e-01	1.236644e-01	
8  294.264	5.665157e-01	9.980175e-01	6.988591e-01	1.382635e-01	
14  294.096	8.516255e-01	9.147838e-01	6.928802e-01	1.285060e-01	
1  294.763	7.269626e-01	9.052919e-01	7.042680e-01	1.274022e-01	
9  293.705	8.675544e-01	8.274074e-01	7.144937e-01	1.473967e-01	
2  295.18	9.903579e-01	8.255336e-01	6.922127e-01	1.336577e-01	
1  295.46	7.685075e-01	9.316577e-01	6.977518e-01	1.205057e-01	
5  292.892	5.487090e-01	9.661311e-01	6.961858e-01	1.328901e-01	
19  292.882	6.841724e-01	8.718089e-01	7.037381e-01	1.387174e-01	
4  294.111	9.931293e-01	8.181952e-01	7.065929e-01	1.429217e-01	
2  294.804	8.156291e-01	8.098483e-01	7.281201e-01	1.576477e-01	
1  295.334	8.644118e-01	8.996492e-01	7.193550e-01	1.442466e-01	
2  293.646	6.874815e-01	8.947833e-01	7.161037e-01	1.511484e-01	
9  292.313	5.085716e-01	9.146883e-01	7.017822e-01	1.344546e-01	
54  292.578	5.422828e-01	8.736109e-01	7.131456e-01	1.437728e-01	
3  294.002	6.958869e-01	8.338950e-01	7.060232e-01	1.540185e-01	
2  297.562	8.121446e-01	8.815968e-01	7.043818e-01	1.578576e-01	
6  295.478	8.410497e-01	9.102867e-01	6.988193e-01	1.449496e-01	
9  293.805	6.388835e-01	8.160056e-01	6.970174e-01	1.403822e-01	
4  293.943	8.697364e-01	8.010178e-01	7.022994e-01	1.396085e-01	
2  295.403	9.791996e-01	9.045188e-01	6.913337e-01	1.331273e-01	
5  295.841	9.423217e-01	8.120627e-01	6.887645e-01	1.321276e-01	
2  295.395	8.294889e-01	9.502120e-01	6.819901e-01	1.219149e-01	
30  294.991	9.406022e-01	9.188669e-01	6.898023e-01	1.226282e-01	
4  295.216	8.093985e-01	8.872884e-01	6.901095e-01	1.219098e-01	
11  294.625	7.290313e-01	8.225768e-01	6.936485e-01	1.400148e-01	
5  293.663	7.536849e-01	8.698954e-01	6.957982e-01	1.332125e-01	
2  293.79	6.382464e-01	8.150832e-01	7.003718e-01	1.359376e-01	
19  292.93	5.791110e-01	8.075824e-01	7.152401e-01	1.597363e-01	
3  294.467	8.284009e-01	8.373968e-01	6.933628e-01	1.345055e-01	
3  293.491	5.538747e-01	8.170572e-01	6.992677e-01	1.368583e-01	
10  292.908	6.382954e-01	8.474970e-01	7.103497e-01	1.519174e-01	
8  292.538	5.973330e-01	8.390330e-01	7.140847e-01	1.505485e-01	
2  293.831	6.355125e-01	9.167060e-01	7.084936e-01	1.498029e-01	
4  294.329	6.595089e-01	9.310779e-01	7.079950e-01	1.494375e-01	
1  293.787	6.232314e-01	9.325181e-01	6.952861e-01	1.386762e-01	
3  294.107	6.738741e-01	8.394294e-01	7.015578e-01	1.321313e-01	
6  293.231	5.985784e-01	9.111072e-01	7.101749e-01	1.489334e-01	
5  293.269	6.178922e-01	8.456263e-01	7.217796e-01	1.574340e-01	
8  292.93	6.243759e-01	8.498690e-01	7.044782e-01	1.381209e-01	
8  293.473	5.535788e-01	8.868166e-01	6.987408e-01	1.286105e-01	
11  293.039	5.664139e-01	8.503972e-01	7.210568e-01	1.574400e-01	
3  293.051	5.199882e-01	9.275191e-01	6.971311e-01	1.394198e-01	
3  294.816	5.246835e-01	9.530999e-01	6.795762e-01	1.207462e-01	
4  295.113	8.825523e-01	9.726130e-01	6.917261e-01	1.305459e-01	
1  293.461	7.013771e-01	9.140365e-01	6.993503e-01	1.293176e-01	
5  293.59	7.377214e-01	8.721563e-01	7.133027e-01	1.414662e-01	
1  293.321	6.969706e-01	9.237362e-01	7.045561e-01	1.332349e-01	
6  293.82	6.033640e-01	9.088973e-01	7.199918e-01	1.507120e-01	
5  298.007	5.715239e-01	8.631894e-01	7.364183e-01	1.517989e-01	
1  297.101	6.974660e-01	9.577372e-01	7.266825e-01	1.482579e-01	
6  294.842	7.113539e-01	8.620331e-01	7.162332e-01	1.617083e-01	
13  293.057	5.648414e-01	8.413196e-01	7.112980e-01	1.562894e-01	
11  293.075	5.002634e-01	8.377199e-01	7.086257e-01	1.560211e-01	
13  292.972	5.549959e-01	8.901934e-01	7.169639e-01	1.512248e-01	
8  293.228	5.144119e-01	9.430325e-01	7.093992e-01	1.341326e-01	
1  294.475	5.273866e-01	9.318464e-01	6.916266e-01	1.190300e-01	
9  294.399	5.950329e-01	8.468744e-01	7.100681e-01	1.346174e-01	
17  294.06	7.469559e-01	8.371745e-01	7.172710e-01	1.439788e-01	
6  294.576	8.444433e-01	8.730484e-01	6.989239e-01	1.441079e-01	
3  293.168	7.006099e-01	9.197046e-01	7.071922e-01	1.380227e-01	
1  292.384	5.726354e-01	8.730745e-01	7.094970e-01	1.443513e-01	
30  292.609	5.543837e-01	9.165510e-01	7.073169e-01	1.373457e-01	
5  294.838	5.725013e-01	9.900402e-01	7.139506e-01	1.445956e-01	
1  295.543	6.112434e-01	9.774524e-01	7.199126e-01	1.436018e-01	
1  294.167	5.122749e-01	9.287331e-01	7.220689e-01	1.507898e-01	
1  293.039	5.883774e-01	9.385941e-01	7.014391e-01	1.297419e-01	
2  293.066	5.655494e-01	9.318929e-01	6.971246e-01	1.271218e-01	
3  293.447	5.415051e-01	9.946539e-01	7.060733e-01	1.334913e-01	
12  293.98	8.079830e-01	9.352464e-01	7.081316e-01	1.378016e-01	
6  294.239	8.612262e-01	9.493108e-01	7.025572e-01	1.352484e-01	
2  294.264	8.401460e-01	9.459777e-01	6.959409e-01	1.339675e-01	
1  294.818	8.010558e-01	8.750514e-01	7.220225e-01	1.561002e-01	
4  294.586	9.244916e-01	9.427282e-01	7.022219e-01	1.316330e-01	
3  293.387	7.378618e-01	9.208092e-01	7.006566e-01	1.312510e-01	
8  293.901	7.113872e-01	9.157364e-01	7.065436e-01	1.472020e-01	
7  293.368	6.029790e-01	9.226854e-01	7.137364e-01	1.411076e-01	
14  294.784	5.486056e-01	9.259489e-01	7.240460e-01	1.482811e-01	
1  293.441	5.751933e-01	9.344771e-01	7.049853e-01	1.300450e-01	
3  295.433	7.446619e-01	8.598418e-01	7.010210e-01	1.261901e-01	
2  294.85	8.133600e-01	9.108193e-01	6.877418e-01	1.222410e-01	
3  294.523	5.900471e-01	9.191246e-01	7.092698e-01	1.302003e-01	
1  294.55	7.416373e-01	9.172313e-01	7.031826e-01	1.469862e-01	
3  295.078	7.862821e-01	9.446812e-01	7.125296e-01	1.476697e-01	
12  294.424	8.575752e-01	9.532365e-01	6.957337e-01	1.239860e-01	
4  296.809	8.589159e-01	8.279504e-01	6.978347e-01	1.235284e-01	
11  296.128	6.720320e-01	8.581752e-01	6.901224e-01	1.209947e-01	
1  293.644	6.990872e-01	9.729033e-01	6.991275e-01	1.267542e-01	
1  293.936	7.262348e-01	9.302908e-01	7.036677e-01	1.293011e-01	
6  293.62	6.838790e-01	9.899284e-01	6.915855e-01	1.241874e-01	
4  292.491	5.417526e-01	9.225753e-01	6.998405e-01	1.370201e-01	
3  293.654	6.550161e-01	9.162643e-01	6.929731e-01	1.351133e-01	
23  293.607	5.938104e-01	8.893619e-01	6.927557e-01	1.278818e-01	
3  293.79	6.104365e-01	9.266215e-01	6.963031e-01	1.242745e-01	
37  292.645	5.122426e-01	9.399921e-01	6.980847e-01	1.286607e-01	
1  293.152	5.608656e-01	9.954190e-01	7.007038e-01	1.295298e-01	
1  293.71	6.719861e-01	9.305239e-01	7.015267e-01	1.426986e-01	
2  294.248	8.369178e-01	8.565919e-01	6.977451e-01	1.419957e-01	
8  292.795	5.620562e-01	9.368254e-01	7.049319e-01	1.337214e-01	
11  293.989	7.177487e-01	8.424508e-01	7.135252e-01	1.400746e-01	
3  293.995	7.682349e-01	8.347942e-01	7.146601e-01	1.420172e-01	
7  294.056	7.684925e-01	8.329867e-01	6.962235e-01	1.344906e-01	
1  293.662	5.781968e-01	8.880558e-01	6.938670e-01	1.271060e-01	
10  293.998	5.064088e-01	9.316647e-01	7.179145e-01	1.406087e-01	
11  292.784	5.419250e-01	8.376086e-01	7.211086e-01	1.573762e-01	
5  293.633	6.179411e-01	9.057197e-01	6.904123e-01	1.305361e-01	
12  294.665	8.688790e-01	8.848265e-01	6.934400e-01	1.254002e-01	
6  293.083	7.132665e-01	9.214111e-01	7.022165e-01	1.357079e-01	
1  295.647	7.959495e-01	9.521333e-01	6.944369e-01	1.175398e-01	
2  295.458	7.585368e-01	9.421328e-01	6.988972e-01	1.206625e-01	
5  294.528	9.136386e-01	9.187074e-01	6.981752e-01	1.266709e-01	
1  295.662	9.902212e-01	8.449335e-01	7.179674e-01	1.418235e-01	
2  295.54	9.885247e-01	8.575378e-01	6.989025e-01	1.258434e-01	
5  293.674	8.093112e-01	8.496022e-01	7.166976e-01	1.497363e-01	
1  295.067	7.533169e-01	9.491565e-01	7.154556e-01	1.477223e-01	
9  294.944	5.500445e-01	9.047604e-01	7.262237e-01	1.607316e-01	
2  292.383	5.000025e-01	8.683465e-01	7.149066e-01	1.521133e-01	
5  293.318	7.193767e-01	8.967755e-01	7.108931e-01	1.466293e-01	
6  294.277	7.674969e-01	8.070528e-01	7.274791e-01	1.623362e-01	
8  292.846	5.058672e-01	9.794174e-01	7.016703e-01	1.294546e-01	
13  293.713	5.704337e-01	9.194105e-01	7.178535e-01	1.513895e-01	
3  294.468	5.859454e-01	9.575412e-01	7.078415e-01	1.482523e-01	
1  292.535	5.562906e-01	8.541365e-01	7.146409e-01	1.470756e-01	
7  293.279	6.092035e-01	8.648804e-01	7.165326e-01	1.565532e-01	
1  293.957	6.239709e-01	8.587882e-01	6.927540e-01	1.304389e-01	
15  293.653	6.184587e-01	8.345792e-01	6.966689e-01	1.348183e-01	
11  294.079	5.804070e-01	9.187725e-01	6.956283e-01	1.230713e-01	
1  294.692	7.373842e-01	9.901731e-01	6.834084e-01	1.215923e-01	
5  295.91	7.609923e-01	9.716214e-01	6.840070e-01	1.296928e-01	
27  298.919	6.629028e-01	9.759262e-01	6.902657e-01	1.445090e-01	
2  293.231	6.412865e-01	8.317494e-01	7.093021e-01	1.542960e-01	
2  293.209	6.254574e-01	8.712401e-01	6.964547e-01	1.338740e-01	
11  294.261	5.838803e-01	8.219233e-01	7.147327e-01	1.399211e-01	
6  295.18	5.156227e-01	8.918321e-01	7.211581e-01	1.397238e-01	
4  294.886	6.894602e-01	9.122331e-01	7.067878e-01	1.282817e-01	
14  293.678	7.538088e-01	8.898825e-01	6.945331e-01	1.310109e-01	
7  293.303	5.711772e-01	8.826199e-01	7.104132e-01	1.534434e-01	
9  293.215	6.545073e-01	9.457169e-01	7.072779e-01	1.379018e-01	
9  295.467	6.362162e-01	9.719431e-01	7.024979e-01	1.463268e-01	
3  296.099	6.204283e-01	9.520860e-01	7.213645e-01	1.565671e-01	
6  296.157	8.237244e-01	8.099248e-01	7.342401e-01	1.707499e-01	
2  295.392	8.275842e-01	8.790572e-01	7.243643e-01	1.556576e-01	
3  297.622	8.769101e-01	8.666281e-01	7.165779e-01	1.649233e-01	
3  296.359	8.525411e-01	8.130000e-01	7.051882e-01	1.593535e-01	
3  298.204	8.708558e-01	9.614989e-01	6.791096e-01	1.291518e-01	
2  297.983	9.916060e-01	9.215789e-01	6.936775e-01	1.421502e-01	
5  295.623	8.599134e-01	9.841588e-01	6.846275e-01	1.256638e-01	
4  292.82	6.501253e-01	9.062432e-01	7.024417e-01	1.353568e-01	
8  293.397	5.224564e-01	8.044254e-01	7.290342e-01	1.670386e-01	
2  293.646	6.738770e-01	8.578840e-01	7.184650e-01	1.460765e-01	
1  293.961	6.200810e-01	8.567551e-01	7.234014e-01	1.620440e-01	
1  293.288	6.793074e-01	9.257108e-01	7.094716e-01	1.427917e-01	
3  293.942	6.876155e-01	8.917539e-01	6.946595e-01	1.392177e-01	
3  293.59	6.093793e-01	9.342737e-01	6.901252e-01	1.308989e-01	
12  294.147	5.757721e-01	9.163244e-01	7.049066e-01	1.502500e-01	
2  293.309	7.737363e-01	8.117021e-01	7.173680e-01	1.537566e-01	
1  295.863	9.699718e-01	8.572756e-01	7.094386e-01	1.535439e-01	
3  294.874	8.810374e-01	8.763630e-01	7.079682e-01	1.506493e-01	
3  296.32	8.215016e-01	8.637223e-01	7.038662e-01	1.554957e-01	
6  294.751	8.007736e-01	8.535212e-01	7.222010e-01	1.601678e-01	
2  294.023	5.012100e-01	8.532282e-01	6.931656e-01	1.417871e-01	
3  294.107	5.140276e-01	9.382842e-01	6.835151e-01	1.241760e-01	
1  293.446	6.275965e-01	9.813809e-01	7.031077e-01	1.303217e-01	
6  294.358	9.124888e-01	8.530507e-01	7.118258e-01	1.394916e-01	
3  294.26	8.144893e-01	9.023117e-01	7.103771e-01	1.483701e-01	
33  292.952	5.808638e-01	9.642598e-01	6.984991e-01	1.343335e-01	
3  295.047	7.725823e-01	9.810973e-01	7.097708e-01	1.408777e-01	
2  294.307	7.736943e-01	8.276567e-01	7.258307e-01	1.591794e-01	
3  293.877	8.756361e-01	8.618397e-01	6.986047e-01	1.341313e-01	
2  292.856	5.565385e-01	9.084914e-01	6.963731e-01	1.368478e-01	
4  293.267	6.373687e-01	9.549558e-01	7.000722e-01	1.373506e-01	
5  293.713	5.620397e-01	8.619317e-01	6.950097e-01	1.296255e-01	
5  292.403	5.708857e-01	8.836795e-01	7.041317e-01	1.398718e-01	
4  294.523	7.649354e-01	8.925848e-01	7.198721e-01	1.462885e-01	
2  293.772	8.921957e-01	8.624148e-01	7.038017e-01	1.366651e-01	
1  293.595	7.640133e-01	8.450128e-01	7.017110e-01	1.354210e-01	
1  295.526	9.891683e-01	8.617330e-01	7.189766e-01	1.493874e-01	
4  293.266	7.984060e-01	8.672829e-01	7.060267e-01	1.424691e-01	
15  293.536	8.634921e-01	8.333469e-01	7.047466e-01	1.417185e-01	
6  293.817	5.703406e-01	9.178911e-01	6.904069e-01	1.346029e-01	
11  293.819	8.422052e-01	9.190527e-01	6.964759e-01	1.306809e-01	
19  294.674	9.208481e-01	8.682350e-01	6.988599e-01	1.422167e-01	
3  294.742	8.263498e-01	8.882108e-01	6.909529e-01	1.350620e-01	
5  294.758	9.538380e-01	8.471103e-01	7.008199e-01	1.302804e-01	
1  294.974	9.733623e-01	8.733318e-01	7.144254e-01	1.431488e-01	
7  295.385	9.999982e-01	9.629369e-01	6.935450e-01	1.229994e-01	
2  295.256	6.761855e-01	9.522318e-01	6.913577e-01	1.382212e-01	
1  294.486	6.656953e-01	9.841803e-01	6.829055e-01	1.216816e-01	
2  293.646	7.802520e-01	8.372524e-01	7.074742e-01	1.382753e-01	
5  294.095	7.279956e-01	8.557740e-01	6.996957e-01	1.305600e-01	
3  294.441	7.925839e-01	9.296335e-01	6.882876e-01	1.230723e-01	
3  294.824	6.320261e-01	9.051757e-01	6.846367e-01	1.286439e-01	
3  293.205	7.076088e-01	9.152601e-01	7.010658e-01	1.323166e-01	
26  293.051	6.356432e-01	8.031627e-01	7.221966e-01	1.592718e-01	
7  293.845	9.030239e-01	8.304422e-01	7.033474e-01	1.381010e-01	
4  295.734	9.385207e-01	9.212935e-01	6.990764e-01	1.222534e-01	
2  295.502	7.564067e-01	9.631044e-01	7.058971e-01	1.251337e-01	
1  294.197	7.841073e-01	9.290074e-01	7.128199e-01	1.418796e-01	
8  292.838	6.796569e-01	8.923333e-01	7.063389e-01	1.398341e-01	
14  292.633	5.551759e-01	8.114493e-01	7.059428e-01	1.463629e-01	
4  292.41	5.663038e-01	8.966801e-01	7.070549e-01	1.408015e-01	
1  293.448	7.055009e-01	9.047567e-01	7.118434e-01	1.403888e-01	
2  294.817	5.742869e-01	8.406821e-01	6.891394e-01	1.292794e-01	
34  292.091	5.033934e-01	8.615471e-01	7.089398e-01	1.462434e-01	
4  292.903	6.118001e-01	8.336105e-01	7.196208e-01	1.537351e-01	
1  292.332	5.605762e-01	8.508341e-01	7.104714e-01	1.462011e-01	
9  293.747	6.692331e-01	8.318851e-01	7.229591e-01	1.520768e-01	
2  292.701	5.321000e-01	8.386100e-01	7.008868e-01	1.410211e-01	
14  292.407	5.349399e-01	8.526501e-01	7.052037e-01	1.462210e-01	
12  293.641	7.865066e-01	9.171181e-01	7.005344e-01	1.387105e-01	
1  293.97	7.265557e-01	8.270050e-01	7.023203e-01	1.495797e-01	
8  293.74	7.681086e-01	8.930550e-01	7.045659e-01	1.455635e-01	
2  294.246	8.029688e-01	9.800693e-01	6.914221e-01	1.274886e-01	
1  296.741	8.091335e-01	9.959598e-01	7.146287e-01	1.436693e-01	
1  296.159	6.698176e-01	9.234752e-01	7.259659e-01	1.596654e-01	
9  295.512	8.367118e-01	9.395921e-01	7.125995e-01	1.483257e-01	
3  294.719	6.380434e-01	9.731497e-01	6.924450e-01	1.171386e-01	
4  294.459	6.292217e-01	9.804228e-01	7.035462e-01	1.248247e-01	
3  293.265	6.579183e-01	8.743043e-01	7.026572e-01	1.336629e-01	
1  292.785	5.594088e-01	9.230296e-01	7.014112e-01	1.312269e-01	
20  292.608	6.144529e-01	8.996824e-01	7.067929e-01	1.415116e-01	
2  293.138	6.085870e-01	9.726440e-01	6.943393e-01	1.258853e-01	
9  293.193	7.356351e-01	8.810058e-01	7.009946e-01	1.354221e-01	
2  294.302	6.667929e-01	8.405114e-01	7.210466e-01	1.458501e-01	
10  294.447	5.562209e-01	8.758483e-01	7.228465e-01	1.452773e-01	
1  293.487	7.282212e-01	8.528207e-01	7.115698e-01	1.406034e-01	
8  292.375	5.134760e-01	8.152896e-01	7.134726e-01	1.556852e-01	
6  293.458	5.385392e-01	8.164730e-01	7.049493e-01	1.541100e-01	
10  294.409	9.034944e-01	8.465216e-01	7.071784e-01	1.499146e-01	
1  294.737	7.668579e-01	8.855530e-01	6.988641e-01	1.257437e-01	
4  292.964	6.154801e-01	9.466620e-01	7.055939e-01	1.364638e-01	
3  294.493	6.735073e-01	9.431065e-01	6.841302e-01	1.229525e-01	
2  293.054	5.442459e-01	8.987104e-01	7.144581e-01	1.520158e-01	
1  294.456	5.901415e-01	9.473254e-01	7.189454e-01	1.443254e-01	
4  293.927	6.158336e-01	8.949477e-01	7.209780e-01	1.551528e-01	
4  294.402	7.828494e-01	9.430835e-01	7.048990e-01	1.430263e-01	
1  295.017	8.495896e-01	9.175311e-01	7.149547e-01	1.483271e-01	
5  293.334	7.120459e-01	8.948139e-01	7.131114e-01	1.466033e-01	
9  294.76	6.419629e-01	9.807583e-01	7.065428e-01	1.267112e-01	
18  293.826	6.943893e-01	9.755507e-01	6.964082e-01	1.236026e-01	
8  294.416	6.371775e-01	9.489656e-01	6.931520e-01	1.378768e-01	
2  294.516	6.996149e-01	8.132321e-01	7.174843e-01	1.659380e-01	
2  293.725	6.914152e-01	9.080860e-01	7.030262e-01	1.454274e-01	
7  293.364	5.503921e-01	8.546323e-01	7.011704e-01	1.482530e-01	
8  293.653	7.106751e-01	8.265408e-01	7.154426e-01	1.441543e-01	
17  292.385	5.144454e-01	9.278578e-01	7.004632e-01	1.329437e-01	
7  292.333	5.409964e-01	8.185891e-01	7.144675e-01	1.533273e-01	
5  292.786	5.216828e-01	8.268696e-01	7.128402e-01	1.578239e-01	
8  293.366	7.012486e-01	8.127145e-01	7.036817e-01	1.474929e-01	
1  293.856	6.513509e-01	8.469704e-01	7.080665e-01	1.553725e-01	
2  294.977	9.937539e-01	8.768692e-01	7.079774e-01	1.449629e-01	
3  293.717	8.674482e-01	8.958601e-01	7.018623e-01	1.354429e-01	
11  294.521	5.912428e-01	8.682342e-01	7.212901e-01	1.643703e-01	
8  293.969	7.522161e-01	9.952950e-01	6.987833e-01	1.296694e-01	
4  293.728	5.356387e-01	9.850379e-01	6.986884e-01	1.380733e-01	
5  294.337	6.851666e-01	9.490710e-01	7.092782e-01	1.468511e-01	
12  294.597	6.122450e-01	9.633543e-01	6.944403e-01	1.186462e-01	
2  294.732	5.738837e-01	9.467729e-01	6.812866e-01	1.192177e-01	
5  292.998	5.179354e-01	9.153449e-01	6.917232e-01	1.294775e-01	
3  293.777	5.796986e-01	9.920303e-01	7.042124e-01	1.385652e-01	
4  293.374	7.185862e-01	9.538750e-01	6.972853e-01	1.319797e-01	
5  293.288	5.226518e-01	9.934826e-01	6.874781e-01	1.212715e-01	
3  292.889	5.301374e-01	9.544559e-01	6.919070e-01	1.285061e-01	
13  292.554	5.261408e-01	9.479463e-01	6.974001e-01	1.302449e-01	
4  292.433	5.542939e-01	8.320748e-01	7.113442e-01	1.460131e-01	
9  293.3	7.030264e-01	8.303251e-01	7.166986e-01	1.571237e-01	
13  293.588	6.711349e-01	9.073477e-01	7.059790e-01	1.473208e-01	
6  295.364	5.723019e-01	9.978524e-01	6.900189e-01	1.354317e-01	
7  293.942	6.899549e-01	8.764945e-01	6.918973e-01	1.335538e-01	
5  294.853	8.578987e-01	8.247815e-01	6.984075e-01	1.464149e-01	
5  293.728	8.780209e-01	8.119976e-01	7.037944e-01	1.435025e-01	
1  293.131	6.487530e-01	8.969522e-01	6.990149e-01	1.400405e-01	
7  293.313	5.542243e-01	9.674942e-01	7.093360e-01	1.374099e-01	
2  293.03	5.962367e-01	9.538667e-01	6.937641e-01	1.271867e-01	
1  293.8	6.357435e-01	8.762281e-01	7.002761e-01	1.467782e-01	
1  293.896	6.782518e-01	9.876275e-01	7.027136e-01	1.364136e-01	
7  293.972	6.017428e-01	9.783483e-01	6.950011e-01	1.359585e-01	
3  292.87	6.044286e-01	8.809963e-01	6.989435e-01	1.393337e-01	
9  294.264	6.561212e-01	9.140369e-01	7.091706e-01	1.517919e-01	
18  293.255	6.778116e-01	8.118898e-01	7.219310e-01	1.567686e-01	
2  293.112	7.458606e-01	8.743707e-01	7.097104e-01	1.445283e-01	
19  293.924	6.294826e-01	8.419866e-01	7.183268e-01	1.628187e-01	
1  293.332	6.898742e-01	9.367592e-01	7.016609e-01	1.391396e-01	
8  293.722	5.974176e-01	8.029035e-01	7.295598e-01	1.655373e-01	
9  293.885	5.895130e-01	9.458427e-01	7.134668e-01	1.480002e-01	
1  295.025	7.893525e-01	9.151869e-01	7.091527e-01	1.508844e-01	
5  292.368	5.161689e-01	8.686726e-01	7.146256e-01	1.504370e-01	
1  295.45	6.791980e-01	9.697312e-01	7.098664e-01	1.488344e-01	
1  294.284	5.858310e-01	9.130963e-01	7.218630e-01	1.547686e-01	
12  293.439	6.747679e-01	8.998401e-01	7.149187e-01	1.440726e-01	
1  293.661	8.218332e-01	8.861050e-01	7.059917e-01	1.358900e-01	
1  293.993	8.497845e-01	9.046708e-01	6.985657e-01	1.379141e-01	
3  294.38	9.603023e-01	8.916088e-01	7.054734e-01	1.390179e-01	
3  294.141	8.001712e-01	8.686382e-01	6.943093e-01	1.296057e-01	
14  293.196	7.749181e-01	8.358403e-01	7.073864e-01	1.469478e-01	
8  295.054	7.049171e-01	9.232171e-01	6.856963e-01	1.189592e-01	
8  294.048	7.055156e-01	8.698606e-01	6.921270e-01	1.301601e-01	
2  293.471	5.849062e-01	9.460015e-01	7.027660e-01	1.428457e-01	
14  292.893	5.238719e-01	8.721019e-01	7.100658e-01	1.532445e-01	
3  293.16	6.646576e-01	8.751002e-01	7.152469e-01	1.459172e-01	
2  293.711	6.282740e-01	8.552976e-01	7.067462e-01	1.345807e-01	
1  295.542	7.985607e-01	9.581005e-01	7.143705e-01	1.465700e-01	
7  297.436	8.999134e-01	8.751284e-01	6.812028e-01	1.310619e-01	
2  297.603	6.518670e-01	9.949138e-01	6.918815e-01	1.418052e-01	
1  297.062	7.432623e-01	8.926202e-01	7.216934e-01	1.663939e-01	
1  295.285	8.276254e-01	9.382944e-01	6.898219e-01	1.342114e-01	
4  293.851	6.728497e-01	9.192323e-01	6.924845e-01	1.352094e-01	
1  294.17	5.502872e-01	9.623526e-01	7.097130e-01	1.476369e-01	
3  292.716	5.688425e-01	8.365352e-01	7.176272e-01	1.499136e-01	
35  293.591	5.186933e-01	8.161503e-01	7.286334e-01	1.680024e-01	
2  293.821	5.588979e-01	8.741273e-01	7.199439e-01	1.444487e-01	
1  293.447	6.096253e-01	9.676135e-01	6.921726e-01	1.227365e-01	
1  293.321	7.410547e-01	9.164586e-01	7.062250e-01	1.366786e-01	
1  293.703	8.268634e-01	8.540202e-01	6.986660e-01	1.380680e-01	
1  295.672	7.732510e-01	9.582913e-01	6.821280e-01	1.264591e-01	
1  295.001	9.017272e-01	9.592721e-01	6.867888e-01	1.206199e-01	
1  294.423	6.463178e-01	9.404958e-01	6.868792e-01	1.195450e-01	
5  294	8.783566e-01	9.201361e-01	6.996548e-01	1.308939e-01	
17  292.867	6.822859e-01	8.773201e-01	7.045410e-01	1.426168e-01	
2  292.783	6.699839e-01	8.917574e-01	7.049236e-01	1.406219e-01	
6  293.804	6.928367e-01	8.391616e-01	7.187590e-01	1.608018e-01	
5  294.027	9.286991e-01	8.638612e-01	6.993036e-01	1.351228e-01	
5  294.42	9.431230e-01	8.111325e-01	7.194492e-01	1.542719e-01	
2  294.449	8.375099e-01	8.875365e-01	7.158234e-01	1.423671e-01	
6  293.612	7.816657e-01	8.987912e-01	7.094829e-01	1.453527e-01	
7  292.704	6.630944e-01	8.526707e-01	7.081773e-01	1.446578e-01	
3  292.921	7.025706e-01	8.529779e-01	7.078567e-01	1.420160e-01	
2  293.63	7.085287e-01	8.602874e-01	6.990270e-01	1.323546e-01	
5  293.196	6.934212e-01	9.188390e-01	7.026692e-01	1.406367e-01	
7  293.985	6.306030e-01	9.753656e-01	6.856057e-01	1.240183e-01	
1  293.964	5.841768e-01	9.709528e-01	6.937899e-01	1.198695e-01	
8  292.794	5.698346e-01	9.014970e-01	6.978146e-01	1.379813e-01	
1  293.717	7.589505e-01	8.556979e-01	7.177762e-01	1.545798e-01	
8  292.528	5.251168e-01	9.315986e-01	7.076014e-01	1.385966e-01	
11  292.772	5.709973e-01	8.936723e-01	7.138740e-01	1.485080e-01	
14  292.652	5.081778e-01	9.153692e-01	7.130847e-01	1.436672e-01	
28  292.224	5.066502e-01	8.866363e-01	7.025086e-01	1.408169e-01	
15  293.825	5.889093e-01	9.897511e-01	6.855443e-01	1.233838e-01	
2  293.901	9.409021e-01	8.493576e-01	7.050274e-01	1.399212e-01	
7  293.897	8.909088e-01	8.443731e-01	7.039715e-01	1.361828e-01	
4  293.762	7.983530e-01	8.171282e-01	7.067593e-01	1.514616e-01	
22  294.176	7.232161e-01	8.308602e-01	7.077737e-01	1.559018e-01	
2  294.975	7.279506e-01	8.546706e-01	7.221423e-01	1.644081e-01	
10  294.768	7.948717e-01	9.206663e-01	7.059772e-01	1.475990e-01	
3  293.476	6.058500e-01	9.102506e-01	7.024591e-01	1.457065e-01	
2  293.954	6.774787e-01	8.135933e-01	6.980774e-01	1.440275e-01	
3  293.933	7.666136e-01	9.034985e-01	6.941850e-01	1.357354e-01	
8  293.564	6.610997e-01	8.746564e-01	7.129381e-01	1.544482e-01	
1  293.984	8.333998e-01	9.168402e-01	6.983613e-01	1.282470e-01	
2  293.316	6.697366e-01	9.222232e-01	7.042261e-01	1.322437e-01	
2  293.664	5.318188e-01	8.852644e-01	7.137483e-01	1.375432e-01	
13  293.667	6.931384e-01	8.199857e-01	7.143499e-01	1.597752e-01	
17  293.148	5.103887e-01	8.769920e-01	6.966327e-01	1.301822e-01	
15  293.799	8.230466e-01	8.021360e-01	7.075239e-01	1.406317e-01	
6  294.755	8.445909e-01	8.206054e-01	7.083507e-01	1.563585e-01	
9  292.74	6.552407e-01	8.293131e-01	7.106209e-01	1.462193e-01	
8  292.901	7.069775e-01	8.562441e-01	7.110201e-01	1.465496e-01	
11  294.59	8.607675e-01	8.491614e-01	7.131816e-01	1.385946e-01	
10  294.301	6.344845e-01	9.648927e-01	6.899836e-01	1.182749e-01	
8  295.391	6.054166e-01	9.861239e-01	6.772379e-01	1.135049e-01	
6  293.729	6.589602e-01	8.241369e-01	6.969928e-01	1.397066e-01	
7  292.806	6.465011e-01	8.323799e-01	7.070797e-01	1.482570e-01	
3  292.819	5.572262e-01	8.020593e-01	7.104944e-01	1.558229e-01	
5  293.95	8.086733e-01	8.088492e-01	6.992916e-01	1.408009e-01	
4  294.181	8.898084e-01	8.058085e-01	6.991774e-01	1.403704e-01	
2  292.894	6.499401e-01	8.774578e-01	7.133945e-01	1.465353e-01	
3  297.733	8.520563e-01	8.252311e-01	7.007792e-01	1.229416e-01	
2  294.09	6.583109e-01	9.694507e-01	6.925799e-01	1.200098e-01	
3  293.668	6.043143e-01	8.345479e-01	7.258249e-01	1.561937e-01	
9  294.962	8.757862e-01	8.314372e-01	7.209305e-01	1.462195e-01	
13  293.718	8.071052e-01	8.473600e-01	7.152276e-01	1.532022e-01	
7  294.589	8.748885e-01	8.704746e-01	7.061550e-01	1.321713e-01	
20  293.27	7.723717e-01	8.350679e-01	7.039734e-01	1.434325e-01	
6  293.395	7.366343e-01	8.405823e-01	7.173255e-01	1.548283e-01	
1  295.072	8.902448e-01	9.444863e-01	6.855005e-01	1.225540e-01	
4  295.397	8.720427e-01	9.046028e-01	6.855487e-01	1.211173e-01	
4  295.856	7.336273e-01	8.813959e-01	6.862885e-01	1.356845e-01	
6  293.717	8.391490e-01	8.904258e-01	7.024906e-01	1.408799e-01	
11  293.12	6.863949e-01	8.794143e-01	6.985163e-01	1.370564e-01	
6  293.304	6.100223e-01	8.528992e-01	7.150841e-01	1.429159e-01	
1  293.964	7.384834e-01	8.542375e-01	6.940503e-01	1.337867e-01	
3  294.111	6.215931e-01	8.771772e-01	7.122979e-01	1.574868e-01	
9  296.445	8.981431e-01	9.634294e-01	7.103765e-01	1.447868e-01	
1  296.606	9.314040e-01	8.434191e-01	7.184817e-01	1.632069e-01	
7  296.794	5.667701e-01	8.231252e-01	7.418274e-01	1.797575e-01	
1  294.557	5.113963e-01	8.216793e-01	7.288713e-01	1.738583e-01	
6  293.728	6.212995e-01	9.382050e-01	7.092129e-01	1.471153e-01	
14  294.098	6.972849e-01	9.516546e-01	6.880619e-01	1.215556e-01	
9  293.98	7.249430e-01	8.690511e-01	6.930449e-01	1.306040e-01	
1  293.988	6.407996e-01	9.216970e-01	6.882257e-01	1.242458e-01	
1  293.565	5.432155e-01	9.716968e-01	6.988379e-01	1.388167e-01	
10  293.507	6.348918e-01	8.923916e-01	7.098335e-01	1.359255e-01	
2  292.969	6.253332e-01	8.283201e-01	7.122767e-01	1.440722e-01	
2  293.404	7.988588e-01	8.048969e-01	7.059409e-01	1.463356e-01	
7  293.823	8.698028e-01	8.311299e-01	7.040940e-01	1.373374e-01	
4  293.601	7.535237e-01	8.757149e-01	7.017801e-01	1.326478e-01	
3  294.359	9.651906e-01	8.215938e-01	7.162765e-01	1.499536e-01	
3  294.431	9.463835e-01	8.201030e-01	6.980728e-01	1.344604e-01	
3  297.987	9.096697e-01	8.549201e-01	6.779122e-01	1.255053e-01	
1  297.938	8.748772e-01	8.917643e-01	6.786582e-01	1.292822e-01	
4  295.321	9.270926e-01	9.440699e-01	6.952064e-01	1.208103e-01	
11  292.936	7.101776e-01	8.494158e-01	7.109449e-01	1.487537e-01	
24  292.546	5.358065e-01	8.832938e-01	7.133956e-01	1.444379e-01	
7  292.489	5.111322e-01	8.914553e-01	7.143789e-01	1.469282e-01	
6  293.202	5.123490e-01	8.952877e-01	7.196250e-01	1.479396e-01	
7  292.414	5.379517e-01	8.227234e-01	7.166472e-01	1.518150e-01	
3  294.03	5.120890e-01	8.037709e-01	6.951012e-01	1.397847e-01	
20  292.321	5.155696e-01	8.790083e-01	7.083666e-01	1.476408e-01	
2  293.508	7.355829e-01	9.548788e-01	6.959822e-01	1.312919e-01	
6  295.066	8.931474e-01	8.216268e-01	6.987707e-01	1.470301e-01	
12  296.082	8.604619e-01	9.557598e-01	6.791472e-01	1.201182e-01	
27  293.572	5.673357e-01	9.546474e-01	6.878913e-01	1.222774e-01	
1  294.174	7.750642e-01	9.863507e-01	6.951131e-01	1.228669e-01	
2  295.283	9.606021e-01	8.895698e-01	6.959152e-01	1.392211e-01	
4  293.66	8.703507e-01	8.842313e-01	7.038629e-01	1.384457e-01	
5  292.688	5.694767e-01	8.797340e-01	7.068207e-01	1.375134e-01	
12  292.395	5.311004e-01	9.238551e-01	7.053524e-01	1.375002e-01	
1  292.481	5.193319e-01	9.117398e-01	7.010632e-01	1.328669e-01	
6  293.401	7.241337e-01	9.555876e-01	7.013049e-01	1.328523e-01	
8  293.214	6.596840e-01	8.985238e-01	7.099266e-01	1.382154e-01	
2  292.808	5.418944e-01	8.526427e-01	6.998163e-01	1.423584e-01	
27  292.311	5.314393e-01	8.197141e-01	7.119925e-01	1.483728e-01	
6  292.972	6.303417e-01	8.532187e-01	7.080905e-01	1.393684e-01	
2  293.479	7.436772e-01	8.388870e-01	7.132394e-01	1.548076e-01	
2  297.519	9.704240e-01	9.460314e-01	6.810635e-01	1.275749e-01	
1  294.781	9.777565e-01	9.185972e-01	6.942982e-01	1.261082e-01	
3  294.784	7.670535e-01	8.222336e-01	6.944137e-01	1.307783e-01	
3  294.104	7.519505e-01	8.122863e-01	7.112619e-01	1.398218e-01	
4  293.962	8.638585e-01	8.042714e-01	7.105733e-01	1.544134e-01	
6  294.844	5.817100e-01	8.952779e-01	6.914532e-01	1.412062e-01	
3  292.965	5.402162e-01	8.639913e-01	7.170168e-01	1.568601e-01	
11  293.407	7.228935e-01	8.587814e-01	7.112632e-01	1.522773e-01	
10  293.031	6.332448e-01	8.414820e-01	7.107463e-01	1.416664e-01	
1  295.009	8.689934e-01	9.470912e-01	7.090215e-01	1.331761e-01	
3  293.396	8.227922e-01	8.015125e-01	7.079848e-01	1.459445e-01	
13  293.14	5.719038e-01	9.219088e-01	7.108172e-01	1.477026e-01	
2  292.628	5.209291e-01	8.840326e-01	7.115626e-01	1.510440e-01	
23  292.609	5.246246e-01	8.549549e-01	7.157979e-01	1.553781e-01	
9  292.74	5.108867e-01	9.559049e-01	6.960402e-01	1.265462e-01	
3  293.348	7.906373e-01	9.008318e-01	7.049108e-01	1.390385e-01	
19  294.824	6.385598e-01	8.068480e-01	6.922032e-01	1.360933e-01	
8  295.386	7.593351e-01	8.829756e-01	6.843628e-01	1.260443e-01	
4  294.258	6.215242e-01	8.344949e-01	6.980221e-01	1.476336e-01	
3  295.331	6.466071e-01	8.568484e-01	7.037531e-01	1.564155e-01	
1  298.47	5.157375e-01	9.625077e-01	7.344066e-01	1.564505e-01	
7  297.842	5.623436e-01	9.501943e-01	7.317827e-01	1.491869e-01	
6  292.654	5.817757e-01	9.168708e-01	7.062520e-01	1.370466e-01	
4  293.998	7.373750e-01	8.891497e-01	7.099022e-01	1.514297e-01	
2  296.123	7.512748e-01	9.523680e-01	7.203805e-01	1.513582e-01	
4  297.655	6.844987e-01	9.099289e-01	7.125512e-01	1.634700e-01	
3  298.726	7.999324e-01	9.472253e-01	7.249259e-01	1.607338e-01	
5  295.461	6.094921e-01	9.523235e-01	7.198845e-01	1.540852e-01	
11  298.579	5.337246e-01	9.291554e-01	7.375930e-01	1.672981e-01	
2  296.846	7.039927e-01	8.428312e-01	7.374258e-01	1.730103e-01	
20  296.574	6.896063e-01	8.566168e-01	7.306642e-01	1.727235e-01	
1  295.992	6.102428e-01	9.551812e-01	7.207309e-01	1.558887e-01	
25  295.008	5.479761e-01	8.651774e-01	7.279864e-01	1.685306e-01	
4  294.519	6.596881e-01	8.239344e-01	7.296501e-01	1.578361e-01	
6  294.241	5.711803e-01	8.666967e-01	7.039938e-01	1.298627e-01	
7  295.046	5.414743e-01	8.831484e-01	7.118311e-01	1.317466e-01	
4  293.568	7.872795e-01	9.198023e-01	7.018874e-01	1.321795e-01	
12  296.03	6.858338e-01	9.629764e-01	6.860881e-01	1.121798e-01	
1  296.288	8.215554e-01	9.598993e-01	6.776860e-01	1.140988e-01	
9  294.311	8.525998e-01	8.632372e-01	7.090663e-01	1.511087e-01	
1  294.203	6.165771e-01	8.295337e-01	7.050674e-01	1.556894e-01	
1  293.899	7.955768e-01	8.364585e-01	7.174560e-01	1.462467e-01	
6  293.111	6.857478e-01	8.002293e-01	7.117654e-01	1.551725e-01	
8  295.035	9.104297e-01	8.135138e-01	7.149104e-01	1.400851e-01	
4  293.845	8.237078e-01	8.191233e-01	7.109377e-01	1.411962e-01	
8  293.672	6.650740e-01	9.542872e-01	6.940620e-01	1.340831e-01	
14  294.68	5.342583e-01	8.389016e-01	6.951284e-01	1.471273e-01	
1  297.03	7.465027e-01	8.342441e-01	6.884713e-01	1.433196e-01	
3  298.276	9.414356e-01	8.938381e-01	7.002945e-01	1.518729e-01	
7  295.543	8.973805e-01	8.315797e-01	7.084696e-01	1.569750e-01	
1  294.995	8.703754e-01	8.643701e-01	6.924071e-01	1.254354e-01	
2  293.198	7.543195e-01	8.338911e-01	7.114378e-01	1.444272e-01	
8  293.154	5.796191e-01	9.093019e-01	6.928749e-01	1.321889e-01	
4  292.579	5.897545e-01	8.825690e-01	7.070997e-01	1.458085e-01	
6  294.322	6.087118e-01	8.938934e-01	7.055646e-01	1.292303e-01	
5  293.922	5.950194e-01	8.523773e-01	7.177202e-01	1.424437e-01	
9  293.405	5.613910e-01	8.639290e-01	7.112782e-01	1.376984e-01	
3  294.614	6.099229e-01	8.929496e-01	7.010091e-01	1.256877e-01	
3  292.957	6.097929e-01	8.931756e-01	6.965137e-01	1.339474e-01	
33  294.517	7.169062e-01	9.677989e-01	6.930740e-01	1.350834e-01	
3  294.635	8.093405e-01	9.124496e-01	7.115329e-01	1.494652e-01	
1  294.431	8.348803e-01	9.583607e-01	6.915064e-01	1.297621e-01	
1  295.271	8.112719e-01	9.284635e-01	7.185077e-01	1.442767e-01	
14  294.623	9.760602e-01	8.739452e-01	7.049315e-01	1.331634e-01	
1  292.77	5.923248e-01	8.984315e-01	6.984468e-01	1.335072e-01	
28  292.499	5.990371e-01	8.830396e-01	7.046544e-01	1.409509e-01	
16  292.45	5.124898e-01	9.133543e-01	7.089066e-01	1.447561e-01	
22  292.47	5.503799e-01	9.186865e-01	7.060996e-01	1.410178e-01	
4  292.373	5.643412e-01	8.790384e-01	7.064357e-01	1.407729e-01	
4  293.324	5.963450e-01	8.141930e-01	7.054766e-01	1.390209e-01	
8  294.721	6.566073e-01	8.167408e-01	6.955002e-01	1.454489e-01	
2  294.679	5.623792e-01	8.527010e-01	6.904327e-01	1.393922e-01	
11  293.116	5.291258e-01	8.280292e-01	6.988026e-01	1.424936e-01	
4  293.807	5.321607e-01	8.511748e-01	7.094342e-01	1.352922e-01	
24  292.43	5.030217e-01	9.412199e-01	7.046542e-01	1.389919e-01	
4  293.785	5.066603e-01	9.277757e-01	6.944317e-01	1.403398e-01	
10  293.397	6.100174e-01	9.815944e-01	6.996657e-01	1.352651e-01	
2  293.948	8.422596e-01	8.899319e-01	7.038976e-01	1.326416e-01	
4  292.754	6.349706e-01	8.612078e-01	7.030370e-01	1.393313e-01	
50  292.371	5.081657e-01	8.743505e-01	7.111303e-01	1.421305e-01	
1  293.276	5.521127e-01	9.444176e-01	7.078660e-01	1.330882e-01	
2  292.742	6.262870e-01	8.721313e-01	7.130924e-01	1.483171e-01	
4  293.056	5.947142e-01	8.051190e-01	7.040840e-01	1.480587e-01	
5  293.262	6.718239e-01	9.373032e-01	6.955731e-01	1.280899e-01	
2  293.541	7.738135e-01	8.640933e-01	7.084087e-01	1.492159e-01	
27  292.807	5.872659e-01	9.085377e-01	7.118592e-01	1.442565e-01	
14  293.135	7.738969e-01	8.354565e-01	7.071931e-01	1.448403e-01	
11  293.633	7.719355e-01	9.048958e-01	7.088782e-01	1.373281e-01	
1  294.562	7.845435e-01	8.108963e-01	7.222159e-01	1.657498e-01	
13  293.773	5.930235e-01	9.124550e-01	7.082529e-01	1.508669e-01	
9  293.99	8.406918e-01	8.764247e-01	7.148633e-01	1.469707e-01	
6  294.554	8.689384e-01	8.030922e-01	7.253292e-01	1.571355e-01	
2  293.651	8.431353e-01	8.270372e-01	7.148598e-01	1.469765e-01	
2  294.579	9.690772e-01	8.057165e-01	7.093157e-01	1.385375e-01	
2  295.012	6.303342e-01	8.626026e-01	7.306072e-01	1.583568e-01	
2  294.907	6.808014e-01	9.668761e-01	7.125061e-01	1.334408e-01	
16  294.529	8.172159e-01	9.847714e-01	7.009951e-01	1.339697e-01	
28  292.533	5.100493e-01	8.663254e-01	7.172754e-01	1.529153e-01	
2  296.171	6.223440e-01	8.711564e-01	7.352066e-01	1.618542e-01	
6  294.443	6.439518e-01	8.602294e-01	7.105385e-01	1.587732e-01	
11  293.495	6.665532e-01	8.545364e-01	6.998191e-01	1.445090e-01	
1  293.65	7.155750e-01	8.010980e-01	7.201770e-01	1.505268e-01	
8  294.129	6.063044e-01	8.140641e-01	7.311955e-01	1.649219e-01	
23  296.658	9.360347e-01	8.034355e-01	7.321420e-01	1.565023e-01	
3  295.632	9.121585e-01	8.261823e-01	7.176161e-01	1.400791e-01	
5  295.362	7.667806e-01	8.207806e-01	6.973808e-01	1.282782e-01	
2  295.327	7.629193e-01	9.369152e-01	6.902155e-01	1.174572e-01	
10  294.668	6.923471e-01	8.770009e-01	7.063721e-01	1.542695e-01	
11  293.38	5.011684e-01	8.821235e-01	7.144787e-01	1.574908e-01	
11  293.601	5.763335e-01	8.354753e-01	7.176483e-01	1.629319e-01	
9  292.907	5.678011e-01	8.008924e-01	7.054977e-01	1.495044e-01	
# After 728 accepted steps: stop adapting the jumping factor at a value of 3.303004 with a local acceptance rate 0.267500 
10  293.497	8.042711e-01	9.171904e-01	7.013365e-01	1.354425e-01	
14  294.383	7.279599e-01	9.442327e-01	6.863386e-01	1.264291e-01	
7  293.136	7.122926e-01	9.211859e-01	7.054048e-01	1.387804e-01	
5  295.242	7.046299e-01	8.375413e-01	6.971600e-01	1.269633e-01	
5  294.496	6.777350e-01	8.432808e-01	6.984594e-01	1.293209e-01	
2  292.487	5.871519e-01	8.389414e-01	7.077063e-01	1.443610e-01	
2  294.104	6.841687e-01	9.022476e-01	7.160512e-01	1.405577e-01	
3  293.033	6.886264e-01	8.121150e-01	7.183159e-01	1.546336e-01	
2  293.15	6.908121e-01	8.494645e-01	7.006795e-01	1.408684e-01	
9  293.345	7.022019e-01	8.559341e-01	7.002373e-01	1.350411e-01	
13  295.701	6.297258e-01	8.442042e-01	6.850792e-01	1.308279e-01	
4  294.443	7.912836e-01	8.539132e-01	6.924681e-01	1.300188e-01	
3  295.073	9.268580e-01	8.689983e-01	6.893366e-01	1.303920e-01	
1  293.809	6.890674e-01	9.347769e-01	7.105626e-01	1.458932e-01	
7  294.437	5.187924e-01	8.609083e-01	7.244577e-01	1.672624e-01	
2  294.124	7.668919e-01	8.292077e-01	7.067788e-01	1.538489e-01	
7  294.423	8.546393e-01	8.391981e-01	7.204157e-01	1.569543e-01	
8  294.035	5.522635e-01	8.861196e-01	7.253312e-01	1.567067e-01	
5  292.627	5.988036e-01	8.816802e-01	7.106420e-01	1.474577e-01	
8  293.671	6.117971e-01	8.203068e-01	7.274282e-01	1.598462e-01	
6  294.129	7.647164e-01	9.665384e-01	7.065694e-01	1.336818e-01	
9  293.945	5.945225e-01	9.429533e-01	7.014330e-01	1.254028e-01	
1  292.678	5.747452e-01	8.909227e-01	7.128117e-01	1.477999e-01	
8  292.69	5.981604e-01	8.284045e-01	7.177494e-01	1.531261e-01	
9  292.98	6.595273e-01	9.154628e-01	7.086109e-01	1.408867e-01	
11  293.407	6.848001e-01	9.445596e-01	7.058435e-01	1.405202e-01	
10  293.688	7.499617e-01	9.740823e-01	6.985306e-01	1.308755e-01	
9  294.459	9.273662e-01	9.094559e-01	7.074400e-01	1.366257e-01	
11  294.703	9.505448e-01	8.934196e-01	6.956559e-01	1.263214e-01	
8  294.148	8.341469e-01	9.013973e-01	7.112593e-01	1.384340e-01	
14  293.232	6.430482e-01	9.466269e-01	7.043143e-01	1.322757e-01	
1  293.939	6.290918e-01	8.796475e-01	6.946844e-01	1.272068e-01	
2  296.701	6.237085e-01	8.355913e-01	6.864182e-01	1.219054e-01	
5  295.454	6.624542e-01	8.857716e-01	6.889983e-01	1.203754e-01	
6  297.828	8.802483e-01	9.707354e-01	6.744883e-01	1.072893e-01	
4  295.035	7.225676e-01	9.987106e-01	6.889496e-01	1.145319e-01	
1  295.016	6.924111e-01	9.984917e-01	6.923737e-01	1.342021e-01	
5  293.704	7.014079e-01	9.057661e-01	7.107498e-01	1.368400e-01	
1  294.416	5.581096e-01	8.309741e-01	7.251454e-01	1.489799e-01	
26  294.832	5.199387e-01	9.839821e-01	7.029529e-01	1.217235e-01	
4  293.331	5.435864e-01	8.634879e-01	6.938016e-01	1.347801e-01	
6  293.603	5.513659e-01	8.597742e-01	7.035968e-01	1.321966e-01	
2  293.599	7.331773e-01	8.806126e-01	6.970239e-01	1.388987e-01	
3  293.528	6.360545e-01	9.968494e-01	6.941749e-01	1.230489e-01	
3  293.926	7.692979e-01	8.841722e-01	6.928713e-01	1.313084e-01	
1  292.837	5.825101e-01	9.035896e-01	6.992929e-01	1.318001e-01	
1  293.6	5.760705e-01	9.349189e-01	7.158226e-01	1.436045e-01	
5  293.194	7.805339e-01	8.529435e-01	7.106802e-01	1.464262e-01	
12  295.58	8.037231e-01	8.525264e-01	7.294006e-01	1.580325e-01	
6  293.673	7.162580e-01	8.451033e-01	7.217608e-01	1.547803e-01	
4  294.19	6.469838e-01	9.108761e-01	7.108350e-01	1.336185e-01	
18  295.379	9.016942e-01	8.154319e-01	6.929153e-01	1.288227e-01	
2  294.841	8.603792e-01	8.564048e-01	7.221243e-01	1.501043e-01	
2  298.451	9.127602e-01	9.388167e-01	7.245940e-01	1.539452e-01	
2  295.005	7.025041e-01	8.389230e-01	7.233797e-01	1.676408e-01	
8  295.062	7.318916e-01	9.004524e-01	7.136585e-01	1.564714e-01	
1  296.564	5.212631e-01	9.296256e-01	7.082788e-01	1.588052e-01	
2  294.864	5.543078e-01	8.030074e-01	7.362167e-01	1.747439e-01	
16  293.554	5.715687e-01	8.989373e-01	7.188609e-01	1.542707e-01	
10  293.437	7.036075e-01	8.947348e-01	7.009500e-01	1.312770e-01	
5  294.727	6.109393e-01	8.945141e-01	6.884006e-01	1.358719e-01	
3  293.131	5.289489e-01	8.161169e-01	6.999856e-01	1.398088e-01	
26  292.896	5.756843e-01	8.761085e-01	7.106201e-01	1.516199e-01	
6  294.298	8.465592e-01	8.898141e-01	6.915564e-01	1.298296e-01	
3  294.755	6.978420e-01	9.399186e-01	7.036955e-01	1.469143e-01	
1  293.991	8.407045e-01	8.212742e-01	6.991265e-01	1.365633e-01	
1  294.666	9.156966e-01	8.826291e-01	6.910726e-01	1.281722e-01	
4  294.767	8.988943e-01	9.363253e-01	7.013112e-01	1.267891e-01	
4  294.332	8.386595e-01	9.242546e-01	6.897809e-01	1.269986e-01	
3  294.846	7.723946e-01	8.568989e-01	6.900435e-01	1.274615e-01	
1  294.128	5.164495e-01	9.310544e-01	6.874331e-01	1.198124e-01	
29  294.885	6.029610e-01	9.894977e-01	6.850152e-01	1.131312e-01	
16  295.107	5.566630e-01	9.002716e-01	6.988577e-01	1.224945e-01	
9  294.353	5.741847e-01	8.455032e-01	7.246908e-01	1.487002e-01	
6  293.108	5.840086e-01	8.710899e-01	7.020168e-01	1.333200e-01	
9  295.285	5.213395e-01	8.751123e-01	6.976887e-01	1.512739e-01	
12  294.322	5.612480e-01	9.856257e-01	7.063711e-01	1.435003e-01	
2  294.313	5.904638e-01	8.764913e-01	7.227327e-01	1.622097e-01	
2  292.697	5.997107e-01	8.074397e-01	7.175064e-01	1.573027e-01	
6  293.721	8.355521e-01	8.027197e-01	7.144931e-01	1.563116e-01	
4  293.578	7.254845e-01	8.323257e-01	7.166992e-01	1.582020e-01	
45  293.52	6.093915e-01	8.191576e-01	7.097804e-01	1.576374e-01	
2  292.323	5.442609e-01	8.215069e-01	7.134301e-01	1.515039e-01	
32  293.94	5.185371e-01	8.299011e-01	6.946683e-01	1.424112e-01	
8  293.63	5.280616e-01	8.153803e-01	7.200898e-01	1.671725e-01	
6  293.181	5.375070e-01	8.329089e-01	7.190854e-01	1.624843e-01	
13  292.977	6.443558e-01	8.965505e-01	6.975681e-01	1.346304e-01	
2  295.352	7.651078e-01	9.238112e-01	7.119615e-01	1.529343e-01	
1  293.888	6.107999e-01	8.556124e-01	7.258255e-01	1.597935e-01	
4  294.105	6.053824e-01	8.815754e-01	7.247659e-01	1.539174e-01	
2  293.324	6.486037e-01	8.210333e-01	7.207279e-01	1.612030e-01	
21  293.041	5.447796e-01	8.260752e-01	7.003893e-01	1.387660e-01	
2  294.229	5.765342e-01	8.387993e-01	6.944567e-01	1.301303e-01	
1  294.097	6.202549e-01	9.967986e-01	6.875676e-01	1.168739e-01	
6  294.315	8.001953e-01	8.965261e-01	7.034494e-01	1.464318e-01	
6  293.812	7.640481e-01	8.688313e-01	6.955298e-01	1.372374e-01	
3  293.059	5.500280e-01	9.686046e-01	6.923356e-01	1.241319e-01	
12  294.414	6.148654e-01	9.237249e-01	6.866556e-01	1.209281e-01	
7  293.901	5.282266e-01	8.115251e-01	6.971745e-01	1.352444e-01	
10  293.437	7.256146e-01	8.430649e-01	7.130725e-01	1.427508e-01	
6  293.257	6.417221e-01	8.631360e-01	7.061621e-01	1.359806e-01	
1  293.993	5.536550e-01	9.030888e-01	7.206707e-01	1.450425e-01	
2  293.111	5.624423e-01	8.525767e-01	7.214044e-01	1.521324e-01	
1  292.363	5.061078e-01	8.120404e-01	7.192061e-01	1.570677e-01	
19  292.782	6.226933e-01	8.044567e-01	7.094665e-01	1.513525e-01	
2  295.705	7.524791e-01	8.563797e-01	6.857753e-01	1.246808e-01	
3  293.156	6.137227e-01	8.673189e-01	7.134307e-01	1.416924e-01	
28  292.287	5.117061e-01	8.939185e-01	7.041036e-01	1.368648e-01	
6  293.592	5.257898e-01	9.185804e-01	6.890998e-01	1.241838e-01	
16  294.187	5.679613e-01	8.279477e-01	6.928166e-01	1.381932e-01	
17  292.948	7.119333e-01	8.210654e-01	7.116973e-01	1.509881e-01	
1  293.676	5.863463e-01	8.283884e-01	7.209736e-01	1.478340e-01	
6  293.744	5.478854e-01	8.619116e-01	7.155128e-01	1.399913e-01	
8  292.477	5.791837e-01	8.784905e-01	7.050047e-01	1.391612e-01	
5  292.477	5.710840e-01	8.522612e-01	7.125422e-01	1.461124e-01	
8  292.926	6.396238e-01	9.413256e-01	7.036790e-01	1.363402e-01	
11  293.049	6.610518e-01	8.677448e-01	7.153308e-01	1.470451e-01	
8  292.93	6.699204e-01	8.786154e-01	7.105158e-01	1.420489e-01	
2  293.084	6.872338e-01	9.009126e-01	7.070275e-01	1.372641e-01	
3  292.903	6.000353e-01	9.569666e-01	7.014930e-01	1.354995e-01	
3  294.51	7.527825e-01	9.460716e-01	7.121228e-01	1.454710e-01	
5  294.4	8.185870e-01	9.118028e-01	7.088850e-01	1.336236e-01	
2  294.957	6.728831e-01	8.885570e-01	6.887765e-01	1.221764e-01	
12  292.806	5.528861e-01	9.679209e-01	6.964466e-01	1.315291e-01	
5  293.437	8.052006e-01	8.593679e-01	7.118744e-01	1.478439e-01	
9  297.059	6.477556e-01	9.457172e-01	6.905712e-01	1.431858e-01	
1  296.833	8.392950e-01	9.289119e-01	6.990151e-01	1.474683e-01	
6  296.093	7.092025e-01	9.692707e-01	6.780397e-01	1.228490e-01	
1  293.411	7.270632e-01	8.101226e-01	7.026681e-01	1.421706e-01	
17  293.217	5.401564e-01	8.102741e-01	7.254652e-01	1.566993e-01	
3  294.673	5.360225e-01	8.640446e-01	7.163079e-01	1.373614e-01	
1  294.033	6.854151e-01	9.135829e-01	7.042610e-01	1.292377e-01	
1  293.963	6.410693e-01	9.562421e-01	7.104633e-01	1.449325e-01	
1  293.984	6.033998e-01	9.648258e-01	7.011888e-01	1.417673e-01	
9  294.765	6.272371e-01	8.619818e-01	7.205793e-01	1.651626e-01	
3  293.889	8.565674e-01	8.270299e-01	7.102336e-01	1.524426e-01	
2  293.113	6.832361e-01	8.444656e-01	7.018396e-01	1.386064e-01	
21  293.34	8.142512e-01	8.140756e-01	7.071274e-01	1.459712e-01	
14  293.219	7.764030e-01	8.665763e-01	7.032700e-01	1.386610e-01	
3  294.41	8.490897e-01	9.133622e-01	6.949678e-01	1.248046e-01	
12  293.862	8.656762e-01	8.841883e-01	7.019127e-01	1.408269e-01	
2  293.545	7.785110e-01	8.946609e-01	6.965461e-01	1.323947e-01	
6  292.91	6.721480e-01	9.062225e-01	7.027978e-01	1.399223e-01	
10  293.108	5.715383e-01	9.753966e-01	6.935332e-01	1.302401e-01	
5  293.945	5.988093e-01	9.905299e-01	7.015060e-01	1.384816e-01	
3  294.363	5.829872e-01	9.402363e-01	7.043385e-01	1.482102e-01	
2  293.67	6.539641e-01	9.168993e-01	7.111210e-01	1.364263e-01	
7  292.517	6.038296e-01	8.381564e-01	7.083559e-01	1.468821e-01	
3  292.792	5.183895e-01	8.035706e-01	7.232615e-01	1.566400e-01	
2  294.684	9.882478e-01	9.114414e-01	6.959774e-01	1.292945e-01	
5  295.192	9.707069e-01	9.047969e-01	7.087345e-01	1.435592e-01	
10  295.453	6.544474e-01	8.397619e-01	7.331279e-01	1.697861e-01	
1  294.114	7.472348e-01	8.186641e-01	7.200107e-01	1.632109e-01	
5  295.137	5.933612e-01	8.651556e-01	7.041761e-01	1.565271e-01	
3  296.806	7.055434e-01	9.035690e-01	6.875456e-01	1.406856e-01	
10  294.841	7.987611e-01	8.697710e-01	6.893149e-01	1.333112e-01	
7  293.692	7.132805e-01	9.132692e-01	6.938492e-01	1.348363e-01	
16  293.656	8.310305e-01	8.648493e-01	7.120046e-01	1.478948e-01	
5  294.368	7.675405e-01	8.555013e-01	7.005483e-01	1.477224e-01	
3  294.535	6.991912e-01	8.671302e-01	6.949913e-01	1.263410e-01	
6  294.484	5.936857e-01	8.236678e-01	7.327707e-01	1.650075e-01	
26  293.675	6.945277e-01	8.083507e-01	7.173555e-01	1.623052e-01	
2  293.213	5.948269e-01	8.210078e-01	7.223424e-01	1.623957e-01	
5  293.153	6.804581e-01	9.009788e-01	7.119699e-01	1.446777e-01	
2  294.307	5.788199e-01	8.833053e-01	7.261474e-01	1.589627e-01	
17  294.542	9.570902e-01	8.749008e-01	7.097370e-01	1.450579e-01	
9  293.564	8.436559e-01	8.262118e-01	7.127358e-01	1.453386e-01	
17  293.385	6.529458e-01	8.031860e-01	7.160313e-01	1.467076e-01	
1  296.4	6.329380e-01	8.327655e-01	7.148328e-01	1.339283e-01	
15  294.116	6.338800e-01	9.012100e-01	7.088076e-01	1.322386e-01	
1  293.963	6.726276e-01	8.654523e-01	7.023202e-01	1.309031e-01	
10  294.728	7.846478e-01	8.025991e-01	6.946890e-01	1.351599e-01	
8  294.709	7.124820e-01	8.224866e-01	7.100460e-01	1.358461e-01	
19  294.925	7.431414e-01	8.438074e-01	7.111305e-01	1.348344e-01	
8  294.286	9.653605e-01	8.049442e-01	7.020468e-01	1.439494e-01	
1  293.93	7.982349e-01	8.656907e-01	6.952588e-01	1.319292e-01	
7  293.027	7.329374e-01	8.690881e-01	7.095296e-01	1.436064e-01	
10  293.571	8.289953e-01	8.781806e-01	7.099014e-01	1.421965e-01	
3  292.586	5.557264e-01	9.033657e-01	6.987928e-01	1.337044e-01	
3  294.41	7.645122e-01	8.691020e-01	7.066495e-01	1.322100e-01	
5  295.291	6.386495e-01	9.867447e-01	6.839558e-01	1.121216e-01	
8  296.28	7.763037e-01	9.432507e-01	6.919390e-01	1.150857e-01	
2  294.291	8.197435e-01	9.525717e-01	7.071268e-01	1.348104e-01	
4  295.41	7.798035e-01	9.450607e-01	7.181273e-01	1.472370e-01	
6  293.366	6.955092e-01	9.419985e-01	6.947621e-01	1.317344e-01	
1  293.674	6.398035e-01	9.431474e-01	6.938790e-01	1.235061e-01	
2  294.802	8.147815e-01	8.656147e-01	7.182922e-01	1.422670e-01	
10  297.719	6.339278e-01	8.182834e-01	7.310262e-01	1.467294e-01	
2  296.089	8.419246e-01	9.104381e-01	7.138805e-01	1.324826e-01	
2  295.413	8.592356e-01	8.725343e-01	6.993207e-01	1.249493e-01	
9  294.281	9.104544e-01	9.204124e-01	6.963423e-01	1.279977e-01	
1  296.152	7.660658e-01	8.917752e-01	6.807616e-01	1.220563e-01	
9  293.628	8.480927e-01	8.997284e-01	7.037672e-01	1.368595e-01	
2  294.223	8.724412e-01	9.301623e-01	6.936033e-01	1.262229e-01	
6  294.192	8.501067e-01	9.091402e-01	6.957556e-01	1.361633e-01	
1  295.258	8.644811e-01	9.683316e-01	7.031740e-01	1.393227e-01	
2  293.932	6.610560e-01	9.347530e-01	6.903427e-01	1.324414e-01	
13  292.899	5.656302e-01	9.330065e-01	7.066579e-01	1.432105e-01	
10  292.881	5.690126e-01	9.099806e-01	7.008395e-01	1.311169e-01	
4  294.267	7.065843e-01	9.972287e-01	6.857299e-01	1.185832e-01	
2  294.331	8.012008e-01	8.714714e-01	7.196039e-01	1.476269e-01	
4  294.304	9.430586e-01	9.022576e-01	6.985460e-01	1.345042e-01	
2  294.292	8.657889e-01	8.406270e-01	7.185378e-01	1.551970e-01	
11  294.337	9.132799e-01	8.751612e-01	7.109216e-01	1.389903e-01	
1  295.89	9.330075e-01	9.085254e-01	7.160187e-01	1.383320e-01	
3  296.547	8.249947e-01	8.908905e-01	7.097503e-01	1.277560e-01	
5  296.266	7.062366e-01	8.203568e-01	7.050868e-01	1.288288e-01	
2  293.04	6.442374e-01	9.210660e-01	6.985274e-01	1.305598e-01	
15  292.541	6.030164e-01	8.408756e-01	7.088211e-01	1.445461e-01	
6  293.776	7.210010e-01	8.046089e-01	7.209746e-01	1.505777e-01	
1  294.366	7.234054e-01	8.211000e-01	7.285615e-01	1.622184e-01	
8  293.301	7.216664e-01	8.031914e-01	7.207436e-01	1.565342e-01	
13  293.126	6.932645e-01	9.404433e-01	6.997723e-01	1.336797e-01	
5  293.324	5.651391e-01	9.914915e-01	6.941385e-01	1.223466e-01	
2  293.342	7.476802e-01	9.031883e-01	7.064791e-01	1.432069e-01	
13  292.406	5.645286e-01	9.029956e-01	7.040497e-01	1.387855e-01	
12  294.025	5.155062e-01	9.713069e-01	6.945453e-01	1.380043e-01	
23  292.38	5.380538e-01	9.112343e-01	7.017184e-01	1.384949e-01	
21  292.476	5.919684e-01	8.504541e-01	7.121969e-01	1.492444e-01	
2  292.702	5.507737e-01	8.894007e-01	7.067724e-01	1.475755e-01	
12  292.743	5.230373e-01	8.869106e-01	6.979647e-01	1.400361e-01	
5  294.936	7.527599e-01	8.247946e-01	7.297290e-01	1.581752e-01	
3  293.539	5.993852e-01	8.891718e-01	7.178827e-01	1.551292e-01	
16  293.772	7.314972e-01	8.063098e-01	7.235109e-01	1.628672e-01	
15  293.635	7.886616e-01	8.423085e-01	7.180858e-01	1.511750e-01	
12  293.261	7.541086e-01	8.581673e-01	7.131700e-01	1.453728e-01	
1  293.589	6.820648e-01	8.573814e-01	7.041450e-01	1.494228e-01	
16  293.033	6.672941e-01	8.078198e-01	7.157488e-01	1.576547e-01	
2  293.705	7.080892e-01	8.615733e-01	7.204110e-01	1.547233e-01	
3  295.332	9.072237e-01	8.502979e-01	7.239301e-01	1.532059e-01	
1  296.302	6.186172e-01	8.236786e-01	7.334357e-01	1.787468e-01	
5  294.922	6.623311e-01	8.294091e-01	7.291387e-01	1.700360e-01	
1  293.833	7.324178e-01	8.452390e-01	7.221174e-01	1.532479e-01	
13  296.09	5.138659e-01	8.192835e-01	7.421331e-01	1.755158e-01	
3  296.96	5.318531e-01	8.586933e-01	7.282350e-01	1.435886e-01	
6  293.704	5.930322e-01	9.303984e-01	7.125174e-01	1.367006e-01	
2  293.252	6.841180e-01	9.170527e-01	6.952435e-01	1.326815e-01	
1  293.48	7.884854e-01	9.170373e-01	6.993473e-01	1.354880e-01	
11  295.915	8.400252e-01	9.132763e-01	7.195537e-01	1.404171e-01	
5  295.405	9.036167e-01	9.499125e-01	7.032197e-01	1.255643e-01	
3  297.462	6.967918e-01	9.867067e-01	7.005935e-01	1.152875e-01	
1  297.149	8.530946e-01	8.990563e-01	7.206151e-01	1.369130e-01	
4  296.362	5.697919e-01	9.393884e-01	7.277565e-01	1.475457e-01	
7  297.801	7.410020e-01	8.803983e-01	7.176149e-01	1.316403e-01	
7  297.737	8.665820e-01	8.933136e-01	7.233603e-01	1.386865e-01	
7  295.242	7.932493e-01	9.275463e-01	7.069803e-01	1.278424e-01	
5  294.697	7.038520e-01	9.584374e-01	7.153729e-01	1.407689e-01	
4  293.613	6.486854e-01	8.017590e-01	7.028732e-01	1.391188e-01	
8  294.442	9.218005e-01	8.025548e-01	7.181381e-01	1.470590e-01	
5  294.486	8.781001e-01	8.663394e-01	7.134139e-01	1.521015e-01	
10  295.541	8.354481e-01	8.287278e-01	7.300381e-01	1.637012e-01	
13  292.978	6.858116e-01	8.265074e-01	7.131459e-01	1.537511e-01	
3  294.724	5.331840e-01	8.176891e-01	7.236979e-01	1.463820e-01	
3  294.375	6.240614e-01	8.935851e-01	6.874046e-01	1.309217e-01	
6  293.201	5.641848e-01	8.509288e-01	7.144935e-01	1.421255e-01	
2  295.795	7.393058e-01	8.458676e-01	7.157382e-01	1.359335e-01	
5  295.621	6.827893e-01	8.260944e-01	7.312359e-01	1.543105e-01	
10  293.249	6.260659e-01	9.200163e-01	7.129091e-01	1.456226e-01	
23  292.967	5.665935e-01	8.753506e-01	7.010242e-01	1.446402e-01	
6  292.938	5.103432e-01	8.079248e-01	7.257396e-01	1.637827e-01	
20  293.08	6.222606e-01	8.848479e-01	7.126375e-01	1.510960e-01	
27  292.486	5.401498e-01	8.515667e-01	7.167916e-01	1.518149e-01	
31  292.598	5.660331e-01	8.376576e-01	7.041461e-01	1.417307e-01	
16  292.691	5.498205e-01	8.338084e-01	7.134909e-01	1.449781e-01	
3  292.457	5.260727e-01	8.939771e-01	7.088934e-01	1.393276e-01	
1  293.35	7.616303e-01	8.472649e-01	7.130832e-01	1.443553e-01	
4  293.072	5.871212e-01	8.403470e-01	7.215540e-01	1.536368e-01	
1  293.059	7.229484e-01	8.328357e-01	7.054844e-01	1.454756e-01	
1  294.364	9.075260e-01	8.086556e-01	7.079926e-01	1.378820e-01	
1  294.518	9.598844e-01	8.306645e-01	7.172144e-01	1.489004e-01	
2  293.406	7.349904e-01	8.304719e-01	7.158315e-01	1.563933e-01	
4  294.172	7.169284e-01	8.749145e-01	6.967663e-01	1.429310e-01	
1  294.688	6.537039e-01	8.412832e-01	6.963283e-01	1.467166e-01	
2  295.771	8.239746e-01	9.375092e-01	7.195235e-01	1.456497e-01	
5  296.354	8.155616e-01	9.144264e-01	7.233678e-01	1.563839e-01	
39  293.014	5.323672e-01	8.052779e-01	7.245425e-01	1.647829e-01	
4  293.87	9.113068e-01	8.160070e-01	7.130723e-01	1.455692e-01	
2  293.975	8.307939e-01	8.068489e-01	7.166684e-01	1.462949e-01	
4  294.686	8.813379e-01	9.136418e-01	7.073465e-01	1.321469e-01	
2  292.846	6.656156e-01	8.612314e-01	7.096852e-01	1.486396e-01	
4  293.128	6.872538e-01	8.481481e-01	7.162344e-01	1.537280e-01	
5  294.006	6.768509e-01	8.918515e-01	7.201584e-01	1.538673e-01	
9  293.74	7.140467e-01	8.399630e-01	7.228451e-01	1.562830e-01	
5  294.132	8.150864e-01	8.001533e-01	7.210328e-01	1.503692e-01	
6  294.922	6.029581e-01	8.163130e-01	7.047267e-01	1.322705e-01	
23  292.377	5.154575e-01	8.467869e-01	7.079030e-01	1.415888e-01	
25  292.782	5.138724e-01	8.093619e-01	7.048062e-01	1.422859e-01	
13  296.025	7.439339e-01	9.485575e-01	6.910718e-01	1.149572e-01	
5  296.388	8.905007e-01	9.266407e-01	6.918443e-01	1.161193e-01	
1  293.801	6.178577e-01	8.647028e-01	6.943192e-01	1.396943e-01	
12  294.114	5.316389e-01	8.492281e-01	6.919485e-01	1.391329e-01	
2  294.919	5.927865e-01	8.083888e-01	6.996305e-01	1.532386e-01	
11  293.061	5.530040e-01	9.341355e-01	6.999351e-01	1.406816e-01	
8  294.089	5.373612e-01	9.518779e-01	7.175193e-01	1.428345e-01	
16  292.737	5.184253e-01	8.614121e-01	7.060845e-01	1.368274e-01	
# After 1023 accepted steps: stop adapting the jumping factor at a value of 3.282326 with a local acceptance rate 0.267500 
11  292.625	5.793391e-01	9.121996e-01	7.081642e-01	1.428665e-01	
4  293.7	6.832043e-01	9.720807e-01	6.973645e-01	1.348792e-01	
5  293.932	7.766966e-01	9.031406e-01	7.033865e-01	1.446616e-01	
7  295.388	7.911187e-01	9.849807e-01	6.922772e-01	1.160053e-01	
1  294.501	8.619350e-01	8.859183e-01	7.165262e-01	1.452486e-01	
5  293.411	6.433648e-01	8.695169e-01	7.160165e-01	1.436476e-01	
6  292.613	5.390854e-01	8.277638e-01	7.063312e-01	1.417256e-01	
7  293.097	5.006258e-01	9.623860e-01	6.954775e-01	1.234376e-01	
4  293.225	5.597004e-01	8.811977e-01	6.958837e-01	1.302669e-01	
2  294.044	6.680508e-01	8.370996e-01	7.178178e-01	1.626623e-01	
16  293.928	5.130827e-01	8.617274e-01	7.121446e-01	1.602630e-01	
25  293.266	6.662844e-01	8.805116e-01	7.073465e-01	1.361396e-01	
19  293.862	6.069946e-01	8.113488e-01	7.183585e-01	1.453772e-01	
1  293.783	5.940950e-01	9.281486e-01	7.028707e-01	1.460361e-01	
7  294.649	5.629455e-01	8.309670e-01	7.179952e-01	1.680847e-01	
6  294.7	5.824259e-01	8.631175e-01	7.050071e-01	1.561925e-01	
5  293.649	6.804335e-01	8.928389e-01	7.001671e-01	1.440027e-01	
3  294.507	7.167181e-01	8.724410e-01	7.197192e-01	1.597197e-01	
3  294.814	8.056528e-01	9.827326e-01	7.075883e-01	1.356781e-01	
2  294.506	7.793379e-01	9.085539e-01	7.155687e-01	1.402625e-01	
1  294.474	6.692476e-01	8.042291e-01	7.279929e-01	1.550609e-01	
5  293.142	5.790596e-01	8.759961e-01	7.195673e-01	1.521775e-01	
1  294.867	7.090233e-01	9.581309e-01	6.906345e-01	1.350517e-01	
1  295.089	7.403342e-01	9.318482e-01	6.907434e-01	1.369830e-01	
4  293.226	6.070760e-01	8.130414e-01	7.011246e-01	1.438464e-01	
5  293.892	7.704235e-01	8.110423e-01	7.121038e-01	1.416780e-01	
7  294.031	8.116239e-01	8.270914e-01	7.070147e-01	1.369014e-01	
1  293.302	7.344223e-01	8.828068e-01	6.986406e-01	1.340377e-01	
2  293.971	8.373087e-01	8.192528e-01	7.129228e-01	1.422628e-01	
6  294.224	9.024555e-01	9.114740e-01	6.947060e-01	1.287948e-01	
9  293.821	5.985492e-01	9.537000e-01	7.106697e-01	1.459829e-01	
5  292.586	6.049389e-01	8.993903e-01	7.064591e-01	1.422440e-01	
11  293.029	6.613969e-01	9.180263e-01	6.970411e-01	1.329534e-01	
4  292.426	5.222050e-01	8.330631e-01	7.135588e-01	1.465222e-01	
3  294.585	6.663047e-01	8.099723e-01	6.961307e-01	1.327663e-01	
11  293.781	7.264091e-01	8.210031e-01	7.041355e-01	1.366802e-01	
9  294.901	7.847550e-01	8.051883e-01	6.992723e-01	1.320520e-01	
8  294.69	8.824920e-01	9.587052e-01	7.038163e-01	1.359549e-01	
2  293.875	6.099121e-01	9.740847e-01	6.921219e-01	1.331148e-01	
17  295.236	5.195740e-01	9.982191e-01	6.781106e-01	1.220698e-01	
1  294.489	6.088361e-01	9.480794e-01	6.841622e-01	1.187875e-01	
2  293.647	7.416053e-01	8.939076e-01	6.944785e-01	1.302602e-01	
10  293.44	7.697219e-01	9.135526e-01	7.049388e-01	1.351519e-01	
6  295.597	6.666718e-01	8.681154e-01	6.840073e-01	1.249873e-01	
1  295.751	6.952368e-01	9.272444e-01	7.194086e-01	1.380291e-01	
2  294.889	6.656613e-01	9.987925e-01	7.063327e-01	1.267033e-01	
3  295.183	9.652125e-01	9.693364e-01	6.933573e-01	1.224742e-01	
14  295.157	8.781014e-01	9.906700e-01	6.845207e-01	1.185933e-01	
6  295.695	9.382153e-01	9.753387e-01	6.895377e-01	1.286194e-01	
4  294.302	8.600358e-01	9.602279e-01	7.019120e-01	1.316287e-01	
1  293.035	6.722408e-01	8.775367e-01	7.129201e-01	1.490472e-01	
4  293.31	5.543767e-01	8.343051e-01	7.234452e-01	1.629954e-01	
2  295.271	8.222079e-01	8.480932e-01	7.063573e-01	1.553917e-01	
2  295.867	9.189132e-01	8.826435e-01	7.064169e-01	1.513638e-01	
2  296.741	9.420888e-01	9.559850e-01	7.012498e-01	1.421655e-01	
3  296.319	9.230032e-01	9.876477e-01	7.002559e-01	1.369232e-01	
3  295.138	7.053538e-01	9.994610e-01	7.059821e-01	1.411445e-01	
1  293.544	5.240170e-01	9.952526e-01	7.028902e-01	1.266812e-01	
27  293.893	5.272686e-01	8.987001e-01	6.945079e-01	1.244081e-01	
11  292.895	5.597021e-01	8.832152e-01	6.967055e-01	1.377280e-01	
5  293.499	6.775617e-01	8.997400e-01	7.116487e-01	1.499116e-01	
16  293.164	5.649813e-01	8.345761e-01	7.135676e-01	1.424129e-01	
1  293.475	6.028815e-01	8.289191e-01	6.990908e-01	1.446197e-01	
21  293.135	5.787750e-01	9.037008e-01	7.158579e-01	1.451245e-01	
1  293.11	5.262564e-01	8.629786e-01	6.991196e-01	1.324063e-01	
13  293.06	5.731567e-01	9.908864e-01	6.956170e-01	1.288626e-01	
7  292.981	6.264695e-01	8.609497e-01	7.051226e-01	1.370172e-01	
5  293.689	6.517094e-01	9.440347e-01	6.964773e-01	1.244501e-01	
10  293.629	7.922612e-01	9.279581e-01	7.032759e-01	1.331346e-01	
2  294.233	6.457396e-01	9.578861e-01	6.986473e-01	1.409814e-01	
1  292.736	5.924415e-01	9.201871e-01	7.033123e-01	1.408340e-01	
4  292.863	5.959531e-01	8.893022e-01	7.031577e-01	1.445302e-01	
7  293.535	7.593667e-01	8.650900e-01	7.026548e-01	1.450006e-01	
3  293.868	8.206669e-01	8.079662e-01	7.010449e-01	1.389960e-01	
1  295.833	9.279212e-01	8.550194e-01	7.074535e-01	1.298027e-01	
9  296.01	9.252462e-01	8.454346e-01	7.053568e-01	1.282867e-01	
10  293.36	8.251869e-01	8.234840e-01	7.063261e-01	1.438096e-01	
26  293.214	7.564174e-01	8.153461e-01	7.073497e-01	1.436010e-01	
7  293.844	8.464430e-01	8.389406e-01	7.111978e-01	1.520044e-01	
8  294.371	9.552580e-01	8.794349e-01	6.969423e-01	1.305307e-01	
1  294.937	9.058512e-01	9.322066e-01	6.930773e-01	1.216579e-01	
2  293.832	8.875270e-01	8.515160e-01	7.015530e-01	1.356700e-01	
1  293.901	7.084458e-01	8.339199e-01	6.964125e-01	1.403377e-01	
3  294.401	6.395363e-01	9.273701e-01	6.851648e-01	1.226299e-01	
1  294.178	8.434980e-01	9.557455e-01	7.020301e-01	1.305847e-01	
3  294.246	7.061300e-01	8.597812e-01	7.018590e-01	1.496407e-01	
7  295.888	6.366576e-01	8.646452e-01	7.147731e-01	1.657368e-01	
3  292.864	5.703040e-01	8.779308e-01	7.064019e-01	1.488137e-01	
14  293.326	5.497463e-01	8.061412e-01	7.122703e-01	1.425964e-01	
2  293.273	5.498454e-01	8.272007e-01	7.029454e-01	1.365595e-01	
5  293.077	7.576705e-01	8.206908e-01	7.089830e-01	1.469106e-01	
14  293.823	8.865506e-01	8.352214e-01	7.015191e-01	1.414875e-01	
9  294.204	9.234998e-01	8.848460e-01	7.092192e-01	1.410789e-01	
3  294.399	7.456060e-01	9.135387e-01	6.877381e-01	1.282155e-01	
5  294.088	8.285282e-01	9.655242e-01	6.951955e-01	1.295976e-01	
1  293.85	7.630086e-01	9.028525e-01	7.146787e-01	1.452380e-01	
9  295.494	7.131807e-01	8.356344e-01	7.330317e-01	1.604580e-01	
13  293.964	6.853009e-01	8.934274e-01	7.117391e-01	1.363503e-01	
4  293.673	7.206222e-01	8.089582e-01	7.203857e-01	1.623353e-01	
2  293.631	6.945077e-01	8.789787e-01	6.972917e-01	1.301529e-01	
12  292.282	5.059932e-01	8.498654e-01	7.060446e-01	1.412767e-01	
1  294.152	6.283964e-01	8.200176e-01	7.301834e-01	1.622889e-01	
1  297.174	7.758371e-01	8.654831e-01	7.325812e-01	1.523302e-01	
2  295.896	5.941525e-01	8.786061e-01	7.225876e-01	1.402687e-01	
8  293.71	7.196327e-01	8.905525e-01	7.083510e-01	1.350998e-01	
2  293.643	7.768070e-01	8.988801e-01	6.953167e-01	1.338225e-01	
4  295.27	8.072352e-01	9.841704e-01	6.927182e-01	1.338113e-01	
6  295.341	8.866815e-01	9.329088e-01	6.932507e-01	1.196220e-01	
5  295.554	9.912208e-01	8.747079e-01	7.149317e-01	1.496039e-01	
3  294.527	8.203795e-01	8.455737e-01	7.235195e-01	1.537548e-01	
5  294.309	7.098870e-01	8.446451e-01	7.210666e-01	1.464551e-01	
8  292.552	6.058459e-01	8.296452e-01	7.138835e-01	1.502657e-01	
9  293.126	6.582117e-01	8.283278e-01	7.049162e-01	1.487008e-01	
5  293.491	5.977691e-01	9.220647e-01	6.984549e-01	1.416079e-01	
1  292.752	6.407702e-01	8.355409e-01	7.153603e-01	1.507348e-01	
12  293.428	7.588902e-01	9.295843e-01	7.051621e-01	1.374352e-01	
1  294.303	8.259142e-01	9.044698e-01	6.993909e-01	1.272228e-01	
23  292.705	6.244992e-01	8.038321e-01	7.160750e-01	1.550796e-01	
5  292.651	5.108132e-01	9.394948e-01	7.083360e-01	1.419424e-01	
5  293.569	5.345727e-01	8.362666e-01	7.036289e-01	1.528252e-01	
3  293.678	5.985199e-01	8.750457e-01	6.916866e-01	1.327770e-01	
4  293.21	6.380109e-01	9.731021e-01	6.943947e-01	1.283811e-01	
1  293.678	6.358139e-01	9.643464e-01	6.899491e-01	1.293177e-01	
4  293.377	6.678178e-01	9.749743e-01	6.946422e-01	1.258601e-01	
1  293.115	5.327044e-01	9.119780e-01	6.929959e-01	1.347295e-01	
2  295.195	7.153200e-01	9.310502e-01	7.053362e-01	1.498863e-01	
1  296.608	9.390878e-01	9.275587e-01	7.078260e-01	1.483384e-01	
5  295.884	8.061082e-01	8.257057e-01	7.332340e-01	1.614256e-01	
1  294.668	7.653422e-01	9.521861e-01	6.867855e-01	1.281929e-01	
8  295.942	5.938409e-01	8.132440e-01	6.927012e-01	1.264735e-01	
1  294.552	7.383139e-01	8.173745e-01	6.985934e-01	1.321156e-01	
3  294.139	7.227283e-01	9.893806e-01	6.983700e-01	1.237399e-01	
3  293.28	6.552872e-01	9.667588e-01	6.944821e-01	1.300623e-01	
13  293.474	5.770425e-01	9.069372e-01	7.023928e-01	1.292345e-01	
3  293.565	5.078529e-01	9.157742e-01	7.002580e-01	1.262839e-01	
13  293.846	5.200913e-01	8.541037e-01	6.952942e-01	1.437071e-01	
2  293.484	7.446481e-01	8.577377e-01	7.111348e-01	1.520024e-01	
4  293.881	5.031782e-01	9.395098e-01	6.843616e-01	1.232389e-01	
5  294.598	7.098259e-01	9.582185e-01	6.840528e-01	1.240723e-01	
8  294.923	7.800961e-01	9.269423e-01	6.961505e-01	1.216409e-01	
12  294.286	7.940967e-01	9.657034e-01	7.063456e-01	1.372222e-01	
1  294.634	6.559132e-01	9.308894e-01	7.053927e-01	1.270252e-01	
4  294.486	5.637339e-01	8.169640e-01	7.175050e-01	1.415902e-01	
6  293.216	5.290630e-01	9.156922e-01	7.148909e-01	1.410793e-01	
7  295.313	6.023460e-01	8.440370e-01	7.334868e-01	1.592178e-01	
3  296.489	6.509990e-01	8.243488e-01	7.401673e-01	1.682315e-01	
3  294.292	6.756907e-01	8.114641e-01	7.269294e-01	1.546102e-01	
4  295.083	7.715942e-01	8.421452e-01	7.281027e-01	1.635164e-01	
52  293.699	5.485134e-01	8.499902e-01	7.243349e-01	1.513008e-01	
4  293.48	7.426422e-01	9.355435e-01	6.956329e-01	1.322010e-01	
6  294.332	8.773798e-01	8.295378e-01	7.147389e-01	1.422605e-01	
1  293.047	6.403213e-01	8.506429e-01	7.014556e-01	1.370111e-01	
4  293.805	7.829052e-01	8.944468e-01	7.070425e-01	1.467501e-01	
1  294.389	7.812582e-01	8.763003e-01	6.996483e-01	1.455657e-01	
30  293.269	5.857074e-01	8.362420e-01	7.133446e-01	1.586533e-01	
2  293.343	8.134366e-01	8.745114e-01	7.038722e-01	1.394145e-01	
8  292.604	6.032258e-01	8.786676e-01	7.026159e-01	1.382409e-01	
4  293.84	7.513078e-01	8.372154e-01	7.192403e-01	1.588969e-01	
5  295.839	6.481131e-01	8.597767e-01	7.044595e-01	1.582863e-01	
6  295.385	5.176339e-01	9.820734e-01	6.853341e-01	1.328023e-01	
12  294.649	8.559373e-01	8.622321e-01	7.048859e-01	1.499145e-01	
5  294.754	6.894465e-01	8.264160e-01	7.024501e-01	1.539642e-01	
4  293.542	6.776404e-01	9.094601e-01	6.937542e-01	1.346520e-01	
1  295.255	7.453880e-01	9.341069e-01	6.950140e-01	1.194649e-01	
7  294.434	6.168979e-01	9.132114e-01	7.025025e-01	1.259935e-01	
1  294.363	7.229520e-01	8.684490e-01	7.167846e-01	1.408586e-01	
1  294.372	7.044227e-01	9.180770e-01	6.953370e-01	1.231579e-01	
1  294.456	8.154862e-01	9.931026e-01	6.950519e-01	1.297607e-01	
4  294.654	7.793813e-01	9.756373e-01	6.847949e-01	1.223825e-01	
2  292.764	6.737381e-01	8.664462e-01	7.075112e-01	1.446730e-01	
20  293.621	5.557161e-01	9.628148e-01	6.971950e-01	1.385784e-01	
2  294.289	6.744356e-01	8.543901e-01	7.025897e-01	1.514468e-01	
12  293.742	6.016118e-01	8.698237e-01	7.238620e-01	1.540935e-01	
8  294.084	6.589403e-01	9.641594e-01	7.096574e-01	1.435308e-01	
2  293.194	5.823679e-01	9.635422e-01	7.074568e-01	1.384400e-01	
4  293.974	6.117533e-01	9.219294e-01	7.127826e-01	1.358931e-01	
2  294.083	5.579651e-01	9.820699e-01	6.925132e-01	1.179865e-01	
10  293.497	5.220412e-01	8.628038e-01	7.047076e-01	1.526490e-01	
1  293.89	5.621933e-01	8.372490e-01	7.107909e-01	1.600779e-01	
4  294.057	6.012411e-01	8.882058e-01	7.231630e-01	1.570806e-01	
1  294.12	6.063763e-01	8.470344e-01	7.283864e-01	1.595416e-01	
30  294.126	5.192862e-01	8.185045e-01	7.292423e-01	1.557164e-01	
3  294.168	7.786141e-01	8.251424e-01	7.196638e-01	1.615135e-01	
12  293.4	8.128778e-01	8.459606e-01	7.071406e-01	1.467040e-01	
2  294.747	9.225359e-01	9.330806e-01	6.919122e-01	1.300674e-01	
1  293.725	8.785645e-01	8.607887e-01	7.103455e-01	1.436913e-01	
2  293.75	7.848825e-01	8.799674e-01	7.045365e-01	1.335324e-01	
3  293.348	7.287265e-01	9.158745e-01	7.026485e-01	1.406976e-01	
3  293.18	7.358638e-01	9.151472e-01	7.023712e-01	1.348393e-01	
10  294.127	9.063348e-01	8.611080e-01	7.003622e-01	1.412533e-01	
5  296.59	7.356158e-01	9.111265e-01	6.939108e-01	1.168813e-01	
9  294.138	8.488539e-01	9.102634e-01	7.102015e-01	1.431477e-01	
7  293.653	5.853466e-01	8.442806e-01	7.259466e-01	1.566830e-01	
1  292.512	5.489953e-01	8.733102e-01	7.139827e-01	1.464205e-01	
3  293.205	5.079893e-01	8.767570e-01	7.185444e-01	1.449359e-01	
16  292.45	5.063861e-01	8.651768e-01	7.114776e-01	1.420438e-01	
11  292.346	5.014704e-01	8.172343e-01	7.111101e-01	1.462829e-01	
4  293.275	6.893965e-01	8.812370e-01	7.047254e-01	1.464215e-01	
5  293.346	6.712787e-01	8.947002e-01	7.126487e-01	1.498523e-01	
10  293.714	7.183884e-01	8.356384e-01	7.228244e-01	1.570650e-01	
11  295.221	8.200263e-01	8.166192e-01	7.300604e-01	1.648175e-01	
4  292.963	6.998072e-01	8.660944e-01	7.100500e-01	1.426182e-01	
7  293.395	7.874987e-01	8.291468e-01	7.156955e-01	1.488620e-01	
3  298.078	5.897039e-01	9.340529e-01	7.299105e-01	1.435768e-01	
3  296.378	8.256409e-01	9.203258e-01	7.145627e-01	1.320301e-01	
2  294.258	6.325937e-01	9.870772e-01	7.076457e-01	1.304164e-01	
3  293.356	6.532235e-01	9.579352e-01	7.015017e-01	1.292236e-01	
8  293.932	7.086742e-01	9.131173e-01	7.133917e-01	1.389193e-01	
1  294.817	5.481007e-01	8.714922e-01	6.938780e-01	1.237607e-01	
10  293.085	6.367809e-01	9.309103e-01	6.975471e-01	1.361852e-01	
22  293.81	7.213318e-01	8.455877e-01	7.050392e-01	1.510307e-01	
2  292.531	5.597914e-01	8.333348e-01	7.175714e-01	1.538582e-01	
3  293.176	6.609956e-01	8.391653e-01	7.059154e-01	1.499154e-01	
6  292.964	5.631557e-01	8.204265e-01	7.014714e-01	1.437396e-01	
9  293.534	6.278725e-01	9.706831e-01	6.901850e-01	1.280753e-01	
1  294.35	8.162989e-01	8.695384e-01	6.983969e-01	1.434509e-01	
9  295.022	9.547940e-01	8.366505e-01	7.060310e-01	1.508049e-01	
10  293.677	7.786346e-01	8.245419e-01	7.128855e-01	1.558749e-01	
9  293.263	6.297500e-01	8.034061e-01	7.027584e-01	1.462448e-01	
4  293.609	7.867789e-01	8.173256e-01	7.011641e-01	1.406630e-01	
5  293.526	8.036689e-01	8.894024e-01	7.016872e-01	1.337972e-01	
9  293.25	7.996434e-01	8.595805e-01	7.074919e-01	1.433455e-01	
6  293.209	5.994168e-01	9.379366e-01	7.085605e-01	1.354888e-01	
1  295.091	6.200685e-01	9.303236e-01	7.208548e-01	1.418936e-01	
1  294.079	6.375806e-01	9.347295e-01	7.152661e-01	1.397183e-01	
3  295.552	7.351664e-01	9.858395e-01	6.919202e-01	1.359155e-01	
1  294.46	7.182206e-01	9.462548e-01	7.140620e-01	1.462297e-01	
14  293.198	5.463333e-01	8.344798e-01	7.226819e-01	1.624785e-01	
4  299.769	5.330764e-01	9.043944e-01	7.362999e-01	1.793990e-01	
15  295.066	6.590631e-01	8.488801e-01	7.100138e-01	1.610685e-01	
21  293.101	6.230617e-01	9.290030e-01	7.105374e-01	1.414659e-01	
4  293.563	6.072066e-01	9.139475e-01	7.047979e-01	1.474598e-01	
2  293.499	8.195750e-01	8.197038e-01	7.116452e-01	1.442987e-01	
7  296.432	9.022512e-01	8.149583e-01	6.858456e-01	1.308625e-01	
1  297.863	8.592825e-01	8.239313e-01	6.811955e-01	1.212178e-01	
1  295.447	7.531982e-01	8.605818e-01	6.878189e-01	1.240298e-01	
2  295.937	6.562098e-01	9.005479e-01	6.805124e-01	1.201346e-01	
13  294.961	5.551442e-01	8.920793e-01	7.064212e-01	1.276725e-01	
1  292.825	5.016333e-01	9.030845e-01	7.137298e-01	1.510400e-01	
2  293.14	6.296069e-01	8.269343e-01	7.213180e-01	1.590350e-01	
6  293.121	7.353839e-01	8.351398e-01	7.104822e-01	1.506040e-01	
5  293.11	6.171245e-01	8.626950e-01	6.973419e-01	1.363176e-01	
10  295.081	5.625200e-01	8.014763e-01	7.375118e-01	1.752548e-01	
1  296.783	7.275555e-01	9.922267e-01	7.187749e-01	1.373975e-01	
12  295.122	7.789095e-01	9.892599e-01	7.098583e-01	1.382669e-01	
5  294.428	5.506240e-01	9.867443e-01	7.137658e-01	1.373977e-01	
1  293.204	6.314923e-01	8.741006e-01	7.023536e-01	1.458931e-01	
9  294.467	5.324509e-01	9.843902e-01	6.989951e-01	1.412938e-01	
2  294.726	8.025311e-01	9.915898e-01	6.860104e-01	1.177386e-01	
1  294.517	9.203153e-01	9.341754e-01	6.933252e-01	1.294847e-01	
1  294.017	8.137076e-01	8.685506e-01	6.953908e-01	1.371700e-01	
1  293.769	7.688548e-01	8.928645e-01	6.943539e-01	1.298531e-01	
1  294.62	5.678093e-01	9.443954e-01	6.865341e-01	1.171732e-01	
2  293.082	6.604914e-01	9.073014e-01	7.003248e-01	1.319691e-01	
1  293.442	8.322412e-01	8.371195e-01	7.039010e-01	1.417224e-01	
8  292.933	6.572338e-01	8.084209e-01	7.160655e-01	1.502766e-01	
1  293.389	5.368805e-01	9.254084e-01	6.973216e-01	1.411151e-01	
8  294.632	6.352602e-01	8.959491e-01	7.042033e-01	1.521349e-01	
1  296.619	8.805747e-01	9.895886e-01	7.129347e-01	1.389881e-01	
1  293.149	5.958529e-01	9.776277e-01	6.956284e-01	1.314462e-01	
11  293.753	6.708037e-01	9.535580e-01	6.886514e-01	1.261308e-01	
4  294.03	5.909296e-01	9.464276e-01	6.979213e-01	1.228305e-01	
5  294.613	6.509941e-01	8.806430e-01	7.257498e-01	1.595054e-01	
3  294.181	7.106519e-01	8.421612e-01	7.259445e-01	1.577882e-01	
10  293.866	6.845859e-01	9.464027e-01	7.061917e-01	1.308920e-01	
11  293.539	6.111094e-01	8.832974e-01	7.207772e-01	1.525860e-01	
3  293.328	5.240569e-01	9.136920e-01	7.178253e-01	1.510787e-01	
7  292.776	5.537260e-01	9.084848e-01	7.129242e-01	1.466708e-01	
14  292.904	6.192561e-01	8.550241e-01	7.004932e-01	1.409213e-01	
8  294.3	7.046950e-01	8.389263e-01	6.966696e-01	1.443222e-01	
9  293.629	7.182367e-01	8.174702e-01	6.994269e-01	1.399089e-01	
1  293.594	7.271036e-01	9.180017e-01	6.931798e-01	1.290489e-01	
2  293.577	8.020673e-01	9.065800e-01	6.993850e-01	1.317777e-01	
3  294.934	9.697491e-01	8.320831e-01	7.157159e-01	1.546174e-01	
9  294.973	9.983594e-01	8.641118e-01	7.043265e-01	1.448025e-01	
1  293.995	7.628051e-01	9.174008e-01	7.037316e-01	1.442447e-01	
1  294.68	6.870364e-01	8.643504e-01	7.153634e-01	1.610702e-01	
4  295.226	5.882363e-01	9.555366e-01	6.967857e-01	1.440267e-01	
5  295.203	5.696027e-01	8.762825e-01	7.085042e-01	1.597305e-01	
15  293.376	6.460918e-01	8.497602e-01	7.206712e-01	1.573695e-01	
3  293.781	7.188473e-01	9.188909e-01	7.050295e-01	1.451965e-01	
1  294.363	8.256438e-01	8.455709e-01	7.207204e-01	1.571853e-01	
3  294.048	6.643317e-01	9.243027e-01	7.145007e-01	1.388967e-01	
4  293.722	6.672400e-01	8.711163e-01	7.202571e-01	1.486322e-01	
1  293.363	7.955345e-01	8.723569e-01	7.056420e-01	1.439537e-01	
3  292.837	6.458746e-01	8.997663e-01	7.082895e-01	1.442665e-01	
2  293.329	6.653702e-01	8.460260e-01	7.016964e-01	1.458922e-01	
2  294.274	7.422275e-01	8.430388e-01	7.211981e-01	1.474708e-01	
1  293.578	6.266183e-01	8.162130e-01	7.263051e-01	1.587464e-01	
2  293.396	7.283093e-01	8.794147e-01	7.048244e-01	1.461707e-01	
12  294.266	6.921354e-01	9.851971e-01	7.076987e-01	1.388470e-01	
1  295.56	8.702639e-01	9.014274e-01	7.169728e-01	1.387727e-01	
1  294.93	8.331757e-01	9.519394e-01	6.927147e-01	1.195774e-01	
6  294.239	6.136853e-01	9.751738e-01	6.864171e-01	1.171962e-01	
10  294.62	6.474800e-01	9.827625e-01	7.108589e-01	1.329024e-01	
3  294.184	7.207376e-01	9.674783e-01	7.039259e-01	1.279785e-01	
4  294.037	9.094741e-01	8.955422e-01	7.055783e-01	1.389873e-01	
5  294.936	7.615237e-01	8.595645e-01	7.267657e-01	1.554053e-01	
22  292.802	6.620328e-01	8.380591e-01	7.119357e-01	1.459857e-01	
32  293.939	5.526474e-01	9.067678e-01	6.974974e-01	1.444906e-01	
14  293.017	5.234150e-01	8.537800e-01	7.223723e-01	1.581247e-01	
4  292.935	6.633857e-01	8.482356e-01	7.151280e-01	1.524761e-01	
2  295.268	9.701604e-01	8.705456e-01	7.144695e-01	1.503803e-01	
14  296.045	8.885989e-01	8.580749e-01	7.272262e-01	1.587770e-01	
3  297.466	8.475643e-01	8.900152e-01	7.259183e-01	1.642978e-01	
3  293.129	7.143608e-01	8.424838e-01	7.148875e-01	1.473403e-01	
2  294.825	8.142486e-01	8.522998e-01	6.964441e-01	1.272942e-01	
1  294.233	7.440973e-01	9.276963e-01	6.907292e-01	1.228395e-01	
17  293.445	6.399484e-01	9.725845e-01	7.054914e-01	1.366294e-01	
2  297.164	6.895821e-01	9.347740e-01	7.299336e-01	1.572786e-01	
3  294.671	7.973094e-01	9.029943e-01	7.173195e-01	1.514483e-01	
3  294.626	6.874924e-01	8.415496e-01	7.266824e-01	1.657277e-01	
8  295.154	9.112625e-01	8.314402e-01	7.233369e-01	1.590977e-01	
2  294.465	8.892601e-01	8.759780e-01	7.135400e-01	1.496699e-01	
2  295.821	5.970308e-01	8.130902e-01	7.392210e-01	1.755376e-01	
2  295.482	5.944254e-01	8.399840e-01	7.359835e-01	1.686435e-01	
9  293.503	6.655740e-01	9.304917e-01	7.115397e-01	1.447584e-01	
18  293.306	5.424851e-01	8.020052e-01	7.111401e-01	1.423125e-01	
4  293.522	6.827956e-01	9.256253e-01	7.117020e-01	1.399224e-01	
3  292.874	5.567016e-01	9.501383e-01	6.941055e-01	1.312317e-01	
18  292.849	5.892217e-01	8.292076e-01	7.034299e-01	1.460859e-01	
6  293.008	5.444366e-01	8.876994e-01	6.969969e-01	1.306168e-01	
1  292.663	5.496407e-01	8.859150e-01	6.998250e-01	1.340290e-01	
19  293.576	5.597160e-01	9.273229e-01	7.151270e-01	1.403169e-01	
15  294.571	5.059146e-01	9.663633e-01	7.187089e-01	1.421600e-01	
2  294.314	8.385262e-01	9.175910e-01	7.096364e-01	1.446682e-01	
2  293.75	6.206279e-01	9.029624e-01	7.177442e-01	1.438925e-01	
14  294.281	6.400881e-01	9.134064e-01	7.029906e-01	1.484839e-01	
1  294.032	8.061529e-01	8.312225e-01	7.162927e-01	1.579746e-01	
1  292.719	6.431408e-01	8.589654e-01	7.067725e-01	1.461873e-01	
13  294.616	5.328690e-01	9.847467e-01	7.102103e-01	1.296805e-01	
4  294.747	6.283065e-01	9.263612e-01	6.839244e-01	1.275618e-01	
2  292.629	6.286378e-01	8.512771e-01	7.060340e-01	1.432073e-01	
11  292.715	5.109040e-01	8.017920e-01	7.117492e-01	1.577612e-01	
12  293.66	5.293970e-01	9.405055e-01	6.872343e-01	1.221238e-01	
1  292.778	5.596601e-01	8.491242e-01	7.002154e-01	1.386588e-01	
9  293.269	6.426532e-01	8.200976e-01	7.153047e-01	1.594326e-01	
21  292.883	5.414398e-01	8.700951e-01	7.178930e-01	1.550041e-01	
2  295.544	6.685303e-01	8.567048e-01	7.195061e-01	1.672310e-01	
3  296.116	7.283339e-01	8.080287e-01	7.276300e-01	1.483185e-01	
3  293.275	6.004142e-01	8.697796e-01	7.134934e-01	1.406802e-01	
7  292.577	6.061310e-01	8.146816e-01	7.125975e-01	1.521046e-01	
13  293.757	8.297910e-01	8.008457e-01	7.201401e-01	1.574929e-01	
2  293.186	6.956648e-01	8.156063e-01	7.179381e-01	1.578984e-01	
6  294.425	6.393858e-01	9.350414e-01	7.189327e-01	1.446698e-01	
2  295.309	6.339672e-01	9.269995e-01	7.113720e-01	1.555785e-01	
1  293.863	7.376785e-01	9.528868e-01	7.015603e-01	1.389054e-01	
6  293.798	8.834907e-01	8.742384e-01	7.001643e-01	1.374697e-01	
2  293.682	8.243908e-01	9.212170e-01	7.029758e-01	1.342329e-01	
2  293.409	6.856891e-01	8.930661e-01	6.990231e-01	1.305494e-01	
10  293.582	5.943666e-01	9.736164e-01	7.091701e-01	1.369549e-01	
6  292.839	6.113870e-01	8.825302e-01	7.133456e-01	1.493468e-01	
2  294.196	8.343865e-01	8.783060e-01	7.065855e-01	1.483655e-01	
11  293.539	7.118875e-01	8.471328e-01	7.193625e-01	1.496256e-01	
5  292.532	5.963930e-01	8.581568e-01	7.047723e-01	1.419966e-01	
11  292.82	6.151264e-01	8.313618e-01	7.152976e-01	1.558107e-01	
4  293.214	6.598848e-01	8.349758e-01	7.034703e-01	1.475683e-01	
3  293.272	7.588813e-01	8.803865e-01	7.020878e-01	1.355395e-01	
1  293.179	6.088780e-01	9.324901e-01	7.114956e-01	1.424347e-01	
5  295.205	6.024185e-01	9.312205e-01	7.129913e-01	1.313879e-01	
1  293.287	6.600431e-01	8.877855e-01	7.006928e-01	1.431714e-01	
8  293.503	5.861609e-01	8.274999e-01	7.113095e-01	1.589723e-01	
2  296.455	7.185047e-01	8.785192e-01	7.331712e-01	1.627453e-01	
5  296.246	6.875705e-01	9.829759e-01	7.049662e-01	1.475465e-01	
3  295.662	7.472277e-01	8.928413e-01	7.094100e-01	1.568411e-01	
2  295.033	7.575594e-01	8.803966e-01	6.863734e-01	1.258672e-01	
3  293.88	7.977457e-01	8.898150e-01	7.047738e-01	1.327575e-01	
9  293.515	6.632250e-01	9.239950e-01	7.049894e-01	1.315021e-01	
3  292.352	5.329511e-01	9.126268e-01	7.054681e-01	1.411841e-01	
2  292.734	5.788369e-01	8.530174e-01	7.091325e-01	1.513388e-01	
18  292.643	6.359443e-01	8.231868e-01	7.128424e-01	1.502195e-01	
3  294.764	6.007034e-01	9.460701e-01	7.163949e-01	1.525798e-01	
7  294.874	5.558077e-01	9.867556e-01	7.126959e-01	1.467121e-01	
33  293.197	5.206513e-01	8.740213e-01	7.102198e-01	1.548113e-01	
3  293.437	5.640010e-01	8.123905e-01	7.038457e-01	1.521186e-01	
14  293.252	6.212062e-01	8.415281e-01	7.043769e-01	1.365617e-01	
5  294.913	8.136764e-01	8.467098e-01	6.899153e-01	1.302523e-01	
6  295.184	9.864717e-01	9.602447e-01	6.937265e-01	1.263043e-01	
17  295.159	7.552798e-01	9.132271e-01	7.066313e-01	1.513590e-01	
3  294.975	5.530203e-01	9.664764e-01	7.139783e-01	1.510359e-01	
5  293.299	5.746565e-01	9.177057e-01	7.015108e-01	1.441730e-01	
10  294.079	5.336370e-01	9.371666e-01	7.147458e-01	1.524066e-01	
4  294.788	6.751734e-01	8.742533e-01	7.082294e-01	1.565744e-01	
1  293.348	7.749680e-01	8.323546e-01	7.138754e-01	1.461554e-01	
9  293.74	5.547275e-01	8.604896e-01	7.153762e-01	1.400160e-01	
4  295.306	5.006216e-01	8.615700e-01	7.317362e-01	1.537806e-01	
1  293.483	6.198573e-01	9.656640e-01	7.086287e-01	1.377852e-01	
2  294.639	6.363673e-01	9.081725e-01	7.212147e-01	1.443199e-01	
7  292.482	5.763796e-01	9.030348e-01	7.020545e-01	1.373064e-01	
5  292.718	5.498870e-01	8.970626e-01	7.047584e-01	1.346102e-01	
7  293.932	5.784113e-01	9.329221e-01	7.170177e-01	1.419335e-01	
9  293.17	5.445447e-01	9.655615e-01	7.086679e-01	1.391616e-01	
1  293.589	6.418236e-01	9.028210e-01	7.107093e-01	1.509927e-01	
11  293.307	5.003512e-01	9.691032e-01	6.918698e-01	1.327736e-01	
9  295.437	8.104956e-01	9.737486e-01	6.935073e-01	1.359631e-01	
1  295.431	7.261985e-01	9.021374e-01	6.895944e-01	1.384533e-01	
4  293.739	7.710472e-01	9.495378e-01	6.931162e-01	1.280690e-01	
5  295.462	9.320711e-01	9.258844e-01	7.082300e-01	1.443853e-01	
14  293.879	7.633936e-01	8.299907e-01	7.014086e-01	1.348741e-01	
2  295.723	6.085497e-01	8.892866e-01	7.272469e-01	1.472258e-01	
6  292.346	5.029311e-01	8.685871e-01	7.151437e-01	1.477392e-01	
5  292.335	5.195506e-01	8.472024e-01	7.073962e-01	1.419465e-01	
8  293.581	6.160775e-01	8.149682e-01	7.213773e-01	1.498576e-01	
3  293.511	5.548978e-01	9.007323e-01	6.982603e-01	1.437441e-01	
21  292.531	5.387617e-01	8.155152e-01	7.077569e-01	1.504724e-01	
2  293.475	5.290938e-01	8.126255e-01	7.124227e-01	1.617136e-01	
4  292.954	5.072201e-01	8.136234e-01	7.257333e-01	1.632499e-01	
4  292.952	6.908941e-01	8.624229e-01	7.021942e-01	1.399610e-01	
3  292.802	5.938407e-01	9.389751e-01	7.049130e-01	1.390819e-01	
3  292.854	5.271777e-01	8.989508e-01	6.952152e-01	1.305946e-01	
4  293.01	6.998387e-01	8.362722e-01	7.103023e-01	1.509988e-01	
2  292.866	5.472769e-01	8.410995e-01	7.190793e-01	1.495112e-01	
1  294.057	8.614672e-01	9.177107e-01	6.944692e-01	1.283370e-01	
1  294.371	9.344885e-01	8.342323e-01	6.964874e-01	1.357675e-01	
5  292.764	5.737564e-01	8.474615e-01	7.028942e-01	1.455091e-01	
3  294.162	7.253325e-01	9.036710e-01	7.183126e-01	1.461097e-01	
5  293.562	7.739406e-01	8.592827e-01	6.979825e-01	1.354830e-01	
38  292.356	5.326424e-01	8.717916e-01	7.044971e-01	1.444665e-01	
10  294.036	6.476916e-01	9.384267e-01	7.161629e-01	1.444431e-01	
18  294.469	6.387364e-01	8.657347e-01	7.276039e-01	1.597891e-01	
12  293.8	5.661299e-01	9.096408e-01	7.149582e-01	1.384051e-01	
3  292.972	5.958571e-01	8.289602e-01	7.160679e-01	1.467541e-01	
4  293.249	7.121221e-01	8.947935e-01	6.995383e-01	1.324982e-01	
8  293.362	7.072929e-01	9.023722e-01	7.099746e-01	1.386778e-01	
3  292.918	6.443719e-01	9.338914e-01	7.026659e-01	1.341254e-01	
2  293.974	7.104311e-01	9.983635e-01	6.903689e-01	1.206001e-01	
12  293.3	6.494005e-01	9.590187e-01	6.928717e-01	1.264097e-01	
1  296.019	5.676959e-01	9.393264e-01	6.800356e-01	1.288477e-01	
2  296.204	6.752907e-01	9.831151e-01	6.927084e-01	1.398199e-01	
3  293.142	6.624310e-01	9.094589e-01	7.012952e-01	1.412130e-01	
63  292.823	5.040576e-01	8.237262e-01	7.106354e-01	1.569723e-01	
3  292.662	5.118327e-01	9.292350e-01	7.033020e-01	1.422267e-01	
3  292.717	6.453156e-01	8.838500e-01	7.028728e-01	1.390837e-01	
2  295.204	9.438240e-01	9.064902e-01	6.877624e-01	1.228649e-01	
7  293.631	5.400555e-01	8.553387e-01	6.989599e-01	1.471201e-01	
2  294.069	5.660847e-01	8.783027e-01	7.188079e-01	1.610864e-01	
9  292.528	5.423869e-01	9.417911e-01	6.988092e-01	1.328688e-01	
7  294.345	6.536803e-01	8.442360e-01	6.912771e-01	1.333810e-01	
3  293.392	7.971273e-01	8.000298e-01	7.156592e-01	1.500131e-01	
5  294.409	5.663083e-01	8.683063e-01	7.117414e-01	1.343898e-01	
5  297.706	8.329715e-01	9.138189e-01	7.174749e-01	1.315918e-01	
4  294.116	6.041360e-01	8.883889e-01	7.239499e-01	1.524456e-01	
9  292.805	6.026023e-01	9.074366e-01	7.095762e-01	1.398691e-01	
3  292.592	5.368934e-01	8.226356e-01	7.134797e-01	1.565912e-01	
4  295.138	6.828787e-01	8.495171e-01	7.013569e-01	1.533643e-01	
2  293.423	8.042654e-01	8.609763e-01	7.050295e-01	1.446369e-01	
4  292.757	6.256986e-01	9.258286e-01	7.021595e-01	1.350723e-01	
16  293.661	5.613472e-01	9.494748e-01	6.866123e-01	1.232276e-01	
14  293.729	5.943371e-01	9.419505e-01	6.888257e-01	1.302782e-01	
6  294.053	6.131864e-01	9.763544e-01	6.924917e-01	1.340733e-01	
15  297.866	5.461329e-01	9.495615e-01	7.128361e-01	1.617152e-01	
5  294.261	5.142671e-01	8.553806e-01	7.100005e-01	1.604326e-01	
21  293.492	5.588810e-01	8.755326e-01	7.016334e-01	1.483218e-01	
2  295.725	8.396512e-01	8.175606e-01	6.886208e-01	1.339539e-01	
1  293.244	6.798291e-01	8.775018e-01	6.984187e-01	1.396188e-01	
7  292.978	5.779524e-01	8.025495e-01	7.054768e-01	1.500033e-01	
4  293.208	7.175859e-01	8.695657e-01	7.111323e-01	1.415751e-01	
1  293.313	6.788809e-01	8.784089e-01	7.065359e-01	1.485597e-01	
2  294.35	5.526156e-01	9.133137e-01	6.891811e-01	1.361715e-01	
57  293.051	5.288972e-01	8.448616e-01	6.973447e-01	1.368645e-01	
2  296.004	6.719695e-01	8.488158e-01	6.856056e-01	1.352309e-01	
1  295.91	9.623774e-01	8.745821e-01	6.974982e-01	1.229265e-01	
7  293.805	6.368613e-01	8.287080e-01	7.028514e-01	1.346138e-01	
2  295.205	5.409809e-01	8.822053e-01	6.975077e-01	1.228532e-01	
6  295.469	7.359606e-01	8.265517e-01	6.883639e-01	1.303339e-01	
1  295.903	6.299607e-01	8.390452e-01	6.853930e-01	1.337085e-01	
1  295.861	7.769912e-01	8.494078e-01	6.852603e-01	1.308189e-01	
4  294.705	6.133734e-01	9.838698e-01	6.804736e-01	1.164679e-01	
3  294.16	5.699690e-01	8.820037e-01	6.879778e-01	1.292004e-01	
3  293.76	6.512789e-01	8.494973e-01	6.972556e-01	1.431009e-01	
16  293.088	5.413549e-01	9.139283e-01	6.943774e-01	1.364446e-01	
4  292.472	5.589147e-01	9.002475e-01	7.068293e-01	1.386370e-01	
1  292.767	5.287940e-01	8.804776e-01	7.140175e-01	1.426468e-01	
2  293.023	5.139669e-01	9.523761e-01	6.939567e-01	1.341474e-01	
2  292.625	5.895242e-01	9.115028e-01	7.054951e-01	1.370050e-01	
8  294.63	8.151155e-01	8.900390e-01	6.933294e-01	1.381033e-01	
2  294.522	7.497539e-01	9.861840e-01	7.025513e-01	1.378368e-01	
25  292.997	6.241651e-01	9.537301e-01	6.996515e-01	1.351337e-01	
1  292.655	5.973185e-01	9.185699e-01	7.002728e-01	1.367322e-01	
1  294.451	7.539804e-01	9.127083e-01	7.146382e-01	1.511730e-01	
33  293.007	5.944779e-01	8.627591e-01	7.187034e-01	1.542698e-01	
8  292.893	6.478188e-01	8.265421e-01	7.044148e-01	1.446247e-01	
3  293.052	5.108454e-01	8.205862e-01	7.115783e-01	1.417200e-01	
2  293.732	8.357286e-01	8.349251e-01	7.010826e-01	1.368700e-01	
1  293.799	7.578150e-01	8.746312e-01	7.173933e-01	1.514447e-01	
9  295.132	5.288741e-01	9.190921e-01	7.102455e-01	1.287178e-01	
4  295.765	8.326274e-01	8.600317e-01	7.200900e-01	1.406796e-01	
2  295.094	8.056927e-01	8.431807e-01	7.262419e-01	1.524953e-01	
